,fair_catches,kick_return_average,kick_return_yards,kick_returns,long,player,team,touchdowns,year
0,33,Buffalo,0,9,278,1,buffalo-bills,8.42,2017
1,61,Marv BatemanM. Bateman,0,30,"2,536",14,buffalo-bills,41.6,2017
2,--,--,--,2,Buffalo,74,buffalo-bills,61,2017
3,--,2,74,41.6,--,"2,536",buffalo-bills,--,2017
4,2/2,0/1,9/16,51/57,4/5,John LeypoldtJ. Leypoldt,buffalo-bills,3/7,2017
5,51/57,Buffalo,78,45,9/16,0/1,buffalo-bills,0/1,2017
6,45,0/1,3/7,4/5,78,2/2,buffalo-bills,Charlie FordC. Ford,2017
7,0,19,19.00,19,--,1,buffalo-bills,--,2017
8,30t,22.00,44,2,1,Steve FreemanS. Freeman,buffalo-bills,--,2017
9,13.50,81,6,Tony GreeneT. Greene,37,--,buffalo-bills,0,2017
0,33,Buffalo,0,9,278,1,buffalo-bills,8.42,2017
1,61,Marv BatemanM. Bateman,0,30,"2,536",14,buffalo-bills,41.6,2017
2,--,--,--,2,Buffalo,74,buffalo-bills,61,2017
3,--,2,74,41.6,--,"2,536",buffalo-bills,--,2017
4,2/2,0/1,9/16,51/57,4/5,John LeypoldtJ. Leypoldt,buffalo-bills,3/7,2017
5,51/57,Buffalo,78,45,9/16,0/1,buffalo-bills,0/1,2017
6,45,0/1,3/7,4/5,78,2/2,buffalo-bills,Charlie FordC. Ford,2017
7,0,19,19.00,19,--,1,buffalo-bills,--,2017
8,30t,22.00,44,2,1,Steve FreemanS. Freeman,buffalo-bills,--,2017
9,13.50,81,6,Tony GreeneT. Greene,37,--,buffalo-bills,0,2017
0,0,19.57,548,28,29,Brandon TateB. Tate,buffalo-bills,0,2017
1,0,25.00,50,2,27,Taiwan JonesT. Jones,buffalo-bills,0,2017
2,0,24.00,24,1,24,Patrick DiMarcoP. DiMarco,buffalo-bills,0,2017
3,0,18.00,18,1,18,Marcus MurphyM. Murphy,buffalo-bills,0,2017
4,1,0.00,0,0,0,Mike TolbertM. Tolbert,buffalo-bills,0,2017
5,1,20.00,640,32,29,Buffalo,buffalo-bills,0,2017
6,0,21.97,681,31,61,Opponents,buffalo-bills,0,2017
0,0,22.81,479,21,31,Jakeem GrantJ. Grant,miami-dolphins,0,2017
1,0,20.20,202,10,37,Senorise PerryS. Perry,miami-dolphins,0,2017
2,0,21.00,147,7,34,Kenyan DrakeK. Drake,miami-dolphins,0,2017
3,0,11.00,11,1,11,A.J. DerbyA. Derby,miami-dolphins,0,2017
4,0,-5.00,-5,1,-5,Jarvis LandryJ. Landry,miami-dolphins,0,2017
5,0,0.00,-7,0,-7,Damien WilliamsD. Williams,miami-dolphins,0,2017
6,0,20.68,827,40,37,Miami,miami-dolphins,0,2017
7,0,19.56,665,34,36,Opponents,miami-dolphins,0,2017
0,0,24.78,570,23,103t,Dion LewisD. Lewis,new-england-patriots,1,2017
1,0,17.00,17,1,17,Rex BurkheadR. Burkhead,new-england-patriots,0,2017
2,0,16.00,16,1,16,Danny AmendolaD. Amendola,new-england-patriots,0,2017
3,0,7.50,15,2,12,Devin McCourtyD. McCourty,new-england-patriots,0,2017
4,0,4.00,4,1,4,Patrick ChungP. Chung,new-england-patriots,0,2017
5,0,22.21,622,28,103t,New England,new-england-patriots,1,2017
6,0,18.88,"1,095",58,34,Opponents,new-england-patriots,0,2017
0,0,20.31,325,16,32,JoJo NatsonJ. Natson,new-york-jets,0,2017
1,0,19.22,173,9,32,ArDarius StewartA. Stewart,new-york-jets,0,2017
2,0,28.33,85,3,40,Khalif RaymondK. Raymond,new-york-jets,0,2017
3,0,20.75,83,4,24,Elijah McGuireE. McGuire,new-york-jets,0,2017
4,0,10.00,10,1,10,David BassD. Bass,new-york-jets,0,2017
5,0,7.00,7,1,7,Jordan JenkinsJ. Jenkins,new-york-jets,0,2017
6,0,20.09,683,34,40,NY Jets,new-york-jets,0,2017
7,0,19.96,459,23,31,Opponents,new-york-jets,0,2017
0,0,26.62,346,13,87,Chris MooreC. Moore,baltimore-ravens,0,2017
1,0,30.73,338,11,96t,Bobby RaineyB. Rainey,baltimore-ravens,1,2017
2,0,26.50,159,6,40,Michael CampanaroM. Campanaro,baltimore-ravens,0,2017
3,0,25.00,50,2,27,Alex CollinsA. Collins,baltimore-ravens,0,2017
4,0,21.50,43,2,29,Vince MayleV. Mayle,baltimore-ravens,0,2017
5,0,27.53,936,34,96t,Baltimore,baltimore-ravens,1,2017
6,0,18.64,615,33,37,Opponents,baltimore-ravens,0,2017
0,0,20.72,663,32,41,Alex EricksonA. Erickson,cincinnati-bengals,0,2017
1,0,7.00,7,1,7,Giovani BernardG. Bernard,cincinnati-bengals,0,2017
2,0,0.00,0,1,0,Cethan CarterC. Carter,cincinnati-bengals,0,2017
3,0,19.71,670,34,41,Cincinnati,cincinnati-bengals,0,2017
4,0,23.17,811,35,87,Opponents,cincinnati-bengals,0,2017
0,0,24.28,437,18,71,Matt DayesM. Dayes,cleveland-browns,0,2017
1,0,22.71,318,14,35,Jabrill PeppersJ. Peppers,cleveland-browns,0,2017
2,0,18.00,18,1,18,Dan VitaleD. Vitale,cleveland-browns,0,2017
3,0,8.50,17,2,9,Nate OrchardN. Orchard,cleveland-browns,0,2017
4,0,22.57,790,35,71,Cleveland,cleveland-browns,0,2017
5,0,23.55,471,20,96t,Opponents,cleveland-browns,1,2017
0,12.15,"3,610",297,16,225.6,Opponents,pittsburgh-steelers,75t,2017
1,JuJu Smith-SchusterJ. Smith-Schuster,"1,726",485,157,9,20,pittsburgh-steelers,240,2017
2,Martavis BryantM. Bryant,1,96t,0,9,26.67,pittsburgh-steelers,151,2017
3,Terrell WatsonT. Watson,0,38,0,7,16.78,pittsburgh-steelers,140,2017
4,Fitzgerald ToussaintF. Toussaint,0,25,0,6,20.00,pittsburgh-steelers,94,2017
5,Robert GoldenR. Golden,0,23,0,1,15.67,pittsburgh-steelers,5,2017
6,Xavier GrimbleX. Grimble,0,5,0,1,5.00,pittsburgh-steelers,0,2017
7,Pittsburgh,0,0,0,33,0.00,pittsburgh-steelers,630,2017
0,0,21.71,369,17,42,Chris ThompsonC. Thompson,houston-texans,0,2017
1,0,18.60,93,5,24,Tyler ErvinT. Ervin,houston-texans,0,2017
2,0,21.00,84,4,25,Jordan TodmanJ. Todman,houston-texans,0,2017
3,0,12.00,12,1,12,D'Onta ForemanD. Foreman,houston-texans,0,2017
4,0,20.67,558,27,42,Houston,houston-texans,0,2017
5,0,20.26,547,27,48,Opponents,houston-texans,0,2017
0,0,23.89,430,18,60,Quan BrayQ. Bray,indianapolis-colts,0,2017
1,0,17.20,86,5,20,Josh FergusonJ. Ferguson,indianapolis-colts,0,2017
2,0,23.00,69,3,34,Marlon MackM. Mack,indianapolis-colts,0,2017
3,0,5.00,5,1,5,Chester RogersC. Rogers,indianapolis-colts,0,2017
4,0,0.00,0,1,0,Tarell BashamT. Basham,indianapolis-colts,0,2017
5,0,21.07,590,28,60,Indianapolis,indianapolis-colts,0,2017
6,0,19.17,441,23,40,Opponents,indianapolis-colts,0,2017
0,0,24.89,473,19,68,Corey GrantC. Grant,jacksonville-jaguars,0,2017
1,0,13.00,26,2,14,Keelan ColeK. Cole,jacksonville-jaguars,0,2017
2,0,10.00,20,2,20,Jaydon MickensJ. Mickens,jacksonville-jaguars,0,2017
3,0,18.00,18,1,18,Jalen MyrickJ. Myrick,jacksonville-jaguars,0,2017
4,0,14.00,14,1,14,Tommy BohanonT. Bohanon,jacksonville-jaguars,0,2017
5,0,22.04,551,25,68,Jacksonville,jacksonville-jaguars,0,2017
6,0,20.43,817,40,103t,Opponents,jacksonville-jaguars,1,2017
0,0,23.12,578,25,57,Adoree' JacksonA. Jackson,tennessee-titans,0,2017
1,0,22.00,22,1,22,Eric DeckerE. Decker,tennessee-titans,0,2017
2,0,9.00,18,2,18,Eric WeemsE. Weems,tennessee-titans,0,2017
3,1,0.00,0,0,0,Jonnu SmithJ. Smith,tennessee-titans,0,2017
4,1,22.07,618,28,57,Tennessee,tennessee-titans,0,2017
5,0,23.44,750,32,60,Opponents,tennessee-titans,0,2017
0,0,19.71,276,14,28,Devontae BookerD. Booker,denver-broncos,0,2017
1,0,23.75,190,8,36,Cody LatimerC. Latimer,denver-broncos,0,2017
2,0,30.50,183,6,61,Brendan LangleyB. Langley,denver-broncos,0,2017
3,0,29.50,59,2,32,De'Angelo HendersonD. Henderson,denver-broncos,0,2017
4,0,16.67,50,3,21,Isaiah McKenzieI. McKenzie,denver-broncos,0,2017
5,0,10.00,10,1,10,Andy JanovichA. Janovich,denver-broncos,0,2017
6,0,22.59,768,34,61,Denver,denver-broncos,0,2017
7,0,22.59,497,22,103t,Opponents,denver-broncos,1,2017
0,0,24.44,611,25,42,Akeem HuntA. Hunt,kansas-city-chiefs,0,2017
1,0,23.46,305,13,39,De'Anthony ThomasD. Thomas,kansas-city-chiefs,0,2017
2,0,21.67,65,3,26,Jehu ChessonJ. Chesson,kansas-city-chiefs,0,2017
3,0,18.50,37,2,19,Charcandrick WestC. West,kansas-city-chiefs,0,2017
4,0,18.00,18,1,18,Albert WilsonA. Wilson,kansas-city-chiefs,0,2017
5,0,8.00,8,1,8,Chris ConleyC. Conley,kansas-city-chiefs,0,2017
6,0,7.00,7,1,7,Anthony ShermanA. Sherman,kansas-city-chiefs,0,2017
7,0,0.00,0,1,0,Leon McQuayL. McQuay,kansas-city-chiefs,0,2017
8,0,22.36,"1,051",47,42,Kansas City,kansas-city-chiefs,0,2017
9,0,19.44,486,25,32,Opponents,kansas-city-chiefs,0,2017
0,0,20.76,353,17,44,Desmond KingD. King,los-angeles-chargers,0,2017
1,0,17.00,85,5,22,Austin EkelerA. Ekeler,los-angeles-chargers,0,2017
2,0,18.00,36,2,19,Michael DavisM. Davis,los-angeles-chargers,0,2017
3,0,0.00,0,1,0,Tenny PalepoiT. Palepoi,los-angeles-chargers,0,2017
4,0,18.96,474,25,44,LA Chargers,los-angeles-chargers,0,2017
5,0,25.00,"1,150",46,71,Opponents,los-angeles-chargers,0,2017
0,0,28.32,538,19,49,Cordarrelle PattersonC. Patterson,oakland-raiders,0,2017
1,0,11.25,90,8,17,Jalen RichardJ. Richard,oakland-raiders,0,2017
2,0,17.20,86,5,26,DeAndre WashingtonD. Washington,oakland-raiders,0,2017
3,0,15.00,15,1,15,Jon FelicianoJ. Feliciano,oakland-raiders,0,2017
4,0,9.00,9,1,9,Jamize OlawaleJ. Olawale,oakland-raiders,0,2017
5,0,21.71,738,34,49,Oakland,oakland-raiders,0,2017
6,0,19.87,298,15,40,Opponents,oakland-raiders,0,2017
0,0,25.00,600,24,61,Ryan SwitzerR. Switzer,dallas-cowboys,0,2017
1,0,20.00,20,1,20,Rod SmithR. Smith,dallas-cowboys,0,2017
2,1,0.00,0,0,0,Cole BeasleyC. Beasley,dallas-cowboys,0,2017
3,1,24.80,620,25,61,Dallas,dallas-cowboys,0,2017
4,0,21.69,759,35,66,Opponents,dallas-cowboys,0,2017
0,0,21.78,196,9,30,Shane VereenS. Vereen,new-york-giants,0,2017
1,0,20.89,188,9,30,Dwayne HarrisD. Harris,new-york-giants,0,2017
2,0,16.91,186,11,24,Khalif RaymondK. Raymond,new-york-giants,0,2017
3,0,20.00,20,1,20,Odell Beckham Jr.O. Beckham,new-york-giants,0,2017
4,0,19.00,19,1,19,Hunter SharpH. Sharp,new-york-giants,0,2017
5,0,19.65,609,31,30,NY Giants,new-york-giants,0,2017
6,0,20.50,656,32,47,Opponents,new-york-giants,0,2017
0,0,19.40,194,10,27,Kenjon BarnerK. Barner,philadelphia-eagles,0,2017
1,0,23.25,93,4,28,Wendell SmallwoodW. Smallwood,philadelphia-eagles,0,2017
2,0,24.50,49,2,35,Corey ClementC. Clement,philadelphia-eagles,0,2017
3,0,9.00,18,2,10,Brent CelekB. Celek,philadelphia-eagles,0,2017
4,0,19.67,354,18,35,Philadelphia,philadelphia-eagles,0,2017
5,0,21.60,"1,015",47,61,Opponents,philadelphia-eagles,0,2017
0,0,20.80,208,10,35,Bashaud BreelandB. Breeland,washington-redskins,0,2017
1,0,20.62,165,8,29,Chris ThompsonC. Thompson,washington-redskins,0,2017
2,0,22.25,89,4,29,Byron MarshallB. Marshall,washington-redskins,0,2017
3,0,23.67,71,3,34,Maurice HarrisM. Harris,washington-redskins,0,2017
4,0,24.00,48,2,28,Samaje PerineS. Perine,washington-redskins,0,2017
5,0,15.67,47,3,24,Niles PaulN. Paul,washington-redskins,0,2017
6,0,8.50,17,2,17,Kapri BibbsK. Bibbs,washington-redskins,0,2017
7,0,16.00,16,1,16,Rob KelleyR. Kelley,washington-redskins,0,2017
8,0,12.00,12,1,12,Kendall FullerK. Fuller,washington-redskins,0,2017
9,0,19.79,673,34,35,Washington,washington-redskins,0,2017
10,0,18.67,448,24,34,Opponents,washington-redskins,0,2017
0,0,22.42,583,26,46,Tarik CohenT. Cohen,chicago-bears,0,2017
1,0,20.82,229,11,29,Deonte ThompsonD. Thompson,chicago-bears,0,2017
2,0,21.00,147,7,28,Benny CunninghamB. Cunningham,chicago-bears,0,2017
3,0,7.00,7,1,7,Roy Robertson-HarrisR. Robertson-Harris,chicago-bears,0,2017
4,0,3.00,3,1,3,Sam AchoS. Acho,chicago-bears,0,2017
5,0,21.07,969,46,46,Chicago,chicago-bears,0,2017
6,0,21.84,699,32,96t,Opponents,chicago-bears,1,2017
0,0,17.82,196,11,25,Jamal AgnewJ. Agnew,detroit-lions,0,2017
1,0,22.38,179,8,29,Ameer AbdullahA. Abdullah,detroit-lions,0,2017
2,0,21.00,105,5,35,TJ JonesT. Jones,detroit-lions,0,2017
3,0,20.67,62,3,23,Zach ZennerZ. Zenner,detroit-lions,0,2017
4,0,15.50,31,2,18,Dwayne WashingtonD. Washington,detroit-lions,0,2017
5,0,10.00,10,1,10,Darren FellsD. Fells,detroit-lions,0,2017
6,0,0.00,0,2,1,Golden TateG. Tate,detroit-lions,0,2017
7,0,18.22,583,32,35,Detroit,detroit-lions,0,2017
8,0,20.42,878,43,38,Opponents,detroit-lions,0,2017
0,0,22.81,707,31,34,Trevor DavisT. Davis,green-bay-packers,0,2017
1,0,14.33,43,3,17,Jeff JanisJ. Janis,green-bay-packers,0,2017
2,0,11.00,11,1,11,Kyler FackrellK. Fackrell,green-bay-packers,0,2017
3,0,21.74,761,35,34,Green Bay,green-bay-packers,0,2017
4,0,22.17,665,30,43,Opponents,green-bay-packers,0,2017
0,0,26.00,312,12,39,Jerick McKinnonJ. McKinnon,minnesota-vikings,0,2017
1,0,24.64,271,11,32,Marcus SherelsM. Sherels,minnesota-vikings,0,2017
2,0,19.00,19,1,19,Stacy ColeyS. Coley,minnesota-vikings,0,2017
3,0,17.00,17,1,17,Mack BrownM. Brown,minnesota-vikings,0,2017
4,0,24.76,619,25,39,Minnesota,minnesota-vikings,0,2017
5,0,22.73,"1,023",45,71,Opponents,minnesota-vikings,0,2017
0,0,22.63,860,38,61,Andre RobertsA. Roberts,atlanta-falcons,0,2017
1,0,11.00,11,1,11,Ben GarlandB. Garland,atlanta-falcons,0,2017
2,0,22.33,871,39,61,Atlanta,atlanta-falcons,0,2017
3,0,26.15,863,33,57,Opponents,atlanta-falcons,0,2017
0,0,32.71,229,7,103t,Damiere ByrdD. Byrd,carolina-panthers,1,2017
1,0,22.10,221,10,33,Curtis SamuelC. Samuel,carolina-panthers,0,2017
2,0,18.33,110,6,31,Fozzy WhittakerF. Whittaker,carolina-panthers,0,2017
3,0,21.67,65,3,33,Russell ShepardR. Shepard,carolina-panthers,0,2017
4,0,19.33,58,3,21,Christian McCaffreyC. McCaffrey,carolina-panthers,0,2017
5,0,17.33,52,3,19,Kaelin ClayK. Clay,carolina-panthers,0,2017
6,0,13.00,13,1,13,Bryan CoxB. Cox,carolina-panthers,0,2017
7,0,12.00,12,1,12,David MayoD. Mayo,carolina-panthers,0,2017
8,0,22.35,760,34,103t,Carolina,carolina-panthers,1,2017
9,0,21.17,254,12,32,Opponents,carolina-panthers,0,2017
0,0,31.55,347,11,106t,Alvin KamaraA. Kamara,new-orleans-saints,1,2017
1,0,23.62,307,13,39,Tommylee LewisT. Lewis,new-orleans-saints,0,2017
2,0,21.67,65,3,27,Trey EdmundsT. Edmunds,new-orleans-saints,0,2017
3,0,11.20,56,5,17,Ted Ginn Jr.T. Ginn,new-orleans-saints,0,2017
4,0,11.50,23,2,12,Garrett GriffinG. Griffin,new-orleans-saints,0,2017
5,0,18.00,18,1,18,Willie SneadW. Snead,new-orleans-saints,0,2017
6,0,9.00,9,1,9,John KuhnJ. Kuhn,new-orleans-saints,0,2017
7,0,22.92,825,36,106t,New Orleans,new-orleans-saints,1,2017
8,0,24.62,788,32,46,Opponents,new-orleans-saints,0,2017
0,0,23.18,255,11,45,Jacquizz RodgersJ. Rodgers,tampa-bay-buccaneers,0,2017
1,0,20.71,145,7,50,Bernard ReedyB. Reedy,tampa-bay-buccaneers,0,2017
2,0,16.00,32,2,19,Charles SimsC. Sims,tampa-bay-buccaneers,0,2017
3,0,21.60,432,20,50,Tampa Bay,tampa-bay-buccaneers,0,2017
4,0,24.68,"1,160",47,106t,Opponents,tampa-bay-buccaneers,2,2017
0,0,20.38,326,16,28,Kerwynn WilliamsK. Williams,arizona-cardinals,0,2017
1,0,23.00,184,8,55,D.J. FosterD. Foster,arizona-cardinals,0,2017
2,0,20.25,81,4,26,Brittan GoldenB. Golden,arizona-cardinals,0,2017
3,0,1.00,1,1,1,Troy NiklasT. Niklas,arizona-cardinals,0,2017
4,0,20.41,592,29,55,Arizona,arizona-cardinals,0,2017
5,0,22.00,880,40,99t,Opponents,arizona-cardinals,1,2017
0,0,27.41,932,34,103t,Pharoh CooperP. Cooper,los-angeles-rams,1,2017
1,0,13.67,41,3,14,Derek CarrierD. Carrier,los-angeles-rams,0,2017
2,0,15.00,15,1,15,Mike ThomasM. Thomas,los-angeles-rams,0,2017
3,0,13.00,13,1,13,Tavon AustinT. Austin,los-angeles-rams,0,2017
4,0,0.00,0,1,0,Matt LongacreM. Longacre,los-angeles-rams,0,2017
5,0,25.02,"1,001",40,103t,LA Rams,los-angeles-rams,1,2017
6,0,22.61,520,23,57,Opponents,los-angeles-rams,0,2017
0,0,20.84,396,19,34,Victor BoldenV. Bolden,san-francisco-49ers,0,2017
1,0,16.60,83,5,21,Raheem MostertR. Mostert,san-francisco-49ers,0,2017
2,0,16.60,83,5,28,Matt BreidaM. Breida,san-francisco-49ers,0,2017
3,0,8.00,8,1,8,Trent TaylorT. Taylor,san-francisco-49ers,0,2017
4,0,0.00,0,1,0,Ronald BlairR. Blair,san-francisco-49ers,0,2017
5,0,18.39,570,31,34,San Francisco,san-francisco-49ers,0,2017
6,0,20.13,302,15,28,Opponents,san-francisco-49ers,0,2017
0,Opponents,0,37,0,69,18.70,buffalo-bills,"1,117",2017
1,Erroll TuckerE. Tucker,0,30,0,10,16.19,buffalo-bills,80,2017
2,Flip JohnsonF. Johnson,0,24,5,16,8.00,buffalo-bills,72,2017
3,Buffalo,0,16,3,26,4.50,buffalo-bills,152,2017
4,Opponents,0,24,8,36,5.85,buffalo-bills,222,2017
5,John KiddJ. Kidd,0,18,10,62,6.17,buffalo-bills,"2,451",2017
6,0,13,2,60,35.3,39.5,buffalo-bills,36,2017
7,"2,451",62,Buffalo,--,39.5,222,buffalo-bills,60,2017
8,36,35.3,0,13,222,2,buffalo-bills,--,2017
0,0,19.96,"1,058",53,85,Buffalo,buffalo-bills,0,2017
1,0,15.83,"1,187",75,40,Opponents,buffalo-bills,0,2017
2,9,8.88,231,26,26,Mickey SuttonM. Sutton,buffalo-bills,0,2017
3,3,10.50,63,6,14,Erroll TuckerE. Tucker,buffalo-bills,0,2017
4,0,7.00,7,1,7,Flip JohnsonF. Johnson,buffalo-bills,0,2017
5,12,9.12,301,33,26,Buffalo,buffalo-bills,0,2017
6,15,9.08,227,25,25,Opponents,buffalo-bills,0,2017
7,60,39.4,"2,564",65,9,John KiddJ. Kidd,buffalo-bills,15,2017
8,--,227,25,32.2,Buffalo,2,buffalo-bills,65,2017
9,15,9,60,39.4,2,"2,564",buffalo-bills,32.2,2017
0,9,1,Nate OdomesN. Odomes,0,9.00,25,buffalo-bills,0,2017
1,177,25,Buffalo,0,7.08,9,buffalo-bills,9,2017
2,251,31,Opponents,0,8.10,25,buffalo-bills,12,2017
3,"2,107",53,Rick TutenR. Tuten,0,39.8,21,buffalo-bills,55,2017
4,26,34.2,0,12,214,4,buffalo-bills,--,2017
5,39,34.8,174,5,0,John NiesJ. Nies,buffalo-bills,0,2017
0,1,91t,1,18.65,Opponents,970,buffalo-bills,62,2017
1,0,54,0,20.42,Clifford HicksC. Hicks,"1,266",buffalo-bills,12,2017
2,0,59,7,16.92,Al EdwardsA. Edwards,203,buffalo-bills,13,2017
3,0,21,9,5.31,Nate OdomesN. Odomes,69,buffalo-bills,1,2017
4,0,9,0,9.00,Buffalo,9,buffalo-bills,26,2017
5,0,59,16,10.81,Opponents,281,buffalo-bills,15,2017
6,0,20,17,3.53,Chris MohrC. Mohr,53,buffalo-bills,54,2017
7,12,4,58,38.6,0,"2,085",buffalo-bills,36.1,2017
8,54,Buffalo,--,53,"2,085",15,buffalo-bills,38.6,2017
0,42,6,9.97,289,0,29,buffalo-bills,Chris HaleC. Hale,2017
1,27,2,12.50,175,0,14,buffalo-bills,Buffalo,2017
2,42,8,10.79,464,0,43,buffalo-bills,Opponents,2017
3,17,18,8.41,185,0,22,buffalo-bills,Chris MohrC. Mohr,2017
4,7,61,42.2,"2,531",12,60,buffalo-bills,0,2017
5,Buffalo,--,185,22,60,36.8,buffalo-bills,"2,531",2017
6,0,12,7,61,36.8,42.2,buffalo-bills,22,2017
7,"3,465",79,Opponents,--,43.9,185,buffalo-bills,62,2017
8,43,36.5,0,20,464,6,buffalo-bills,--,2017
0,47t,7,8.84,274,1,31,buffalo-bills,Bill BrooksB. Brooks,2017
1,3,0,3.00,3,0,1,buffalo-bills,Steve TaskerS. Tasker,2017
2,0,0,0.00,0,0,1,buffalo-bills,Buffalo,2017
3,47t,7,8.39,277,1,33,buffalo-bills,Opponents,2017
4,27,24,8.52,247,0,29,buffalo-bills,Chris MohrC. Mohr,2017
5,4,58,40.4,"2,991",19,74,buffalo-bills,0,2017
6,Buffalo,--,247,29,74,36.0,buffalo-bills,"2,991",2017
0,0,1,0,1.00,Kenneth DavisK. Davis,1,buffalo-bills,1,2017
1,0,0,0,0.00,Buffalo,0,buffalo-bills,72,2017
2,0,42,0,18.68,Opponents,"1,345",buffalo-bills,72,2017
3,0,45,0,20.21,Jeff BurrisJ. Burris,"1,455",buffalo-bills,32,2017
4,0,57,6,10.38,Russell CopelandR. Copeland,332,buffalo-bills,1,2017
5,0,11,2,11.00,Buffalo,11,buffalo-bills,33,2017
6,0,57,8,10.39,Opponents,343,buffalo-bills,38,2017
7,0,31,11,8.53,Chris MohrC. Mohr,324,buffalo-bills,67,2017
8,13,3,71,41.8,0,"2,799",buffalo-bills,36.0,2017
9,67,Buffalo,--,324,"2,799",38,buffalo-bills,41.8,2017
10,36.0,0,13,3,38,71,buffalo-bills,324,2017
11,42.3,"2,916",69,Opponents,67,--,buffalo-bills,11,2017
0,Opponents,0,42,0,73,18.60,buffalo-bills,"1,615",2017
1,Jeff BurrisJ. Burris,0,46,0,20,22.12,buffalo-bills,229,2017
2,Steve TaskerS. Tasker,0,40,1,17,11.45,buffalo-bills,204,2017
3,Bill BrooksB. Brooks,0,44,7,6,12.00,buffalo-bills,35,2017
4,Russell CopelandR. Copeland,0,15,2,2,5.83,buffalo-bills,8,2017
5,Yonel JourdainY. Jourdain,0,7,1,1,4.00,buffalo-bills,0,2017
6,Damon ThomasD. Thomas,0,0,0,1,0.00,buffalo-bills,0,2017
7,Buffalo,0,0,0,47,0.00,buffalo-bills,476,2017
8,Opponents,0,44,11,23,10.13,buffalo-bills,224,2017
9,Chris MohrC. Mohr,1,69t,30,86,9.74,buffalo-bills,"3,473",2017
0,1,87t,25,6.15,Chris MohrC. Mohr,246,buffalo-bills,101,2017
1,27,13,80,41.5,0,"4,194",buffalo-bills,36.5,2017
2,101,Buffalo,--,246,"4,194",40,buffalo-bills,41.5,2017
3,36.5,0,27,13,40,80,buffalo-bills,246,2017
0,0,10,0,10.00,Tony ClineT. Cline,10,buffalo-bills,1,2017
1,0,0,0,0.00,Buffalo,0,buffalo-bills,78,2017
2,0,53,0,19.72,Opponents,"1,538",buffalo-bills,55,2017
3,3,96t,0,25.18,Jeff BurrisJ. Burris,"1,385",buffalo-bills,21,2017
4,0,32,8,9.43,Steve TaskerS. Tasker,198,buffalo-bills,12,2017
5,0,47,9,9.42,Eric MouldsE. Moulds,113,buffalo-bills,2,2017
6,0,10,0,10.00,Mitchell GallowayM. Galloway,20,buffalo-bills,2,2017
7,0,15,2,7.50,Raymond JacksonR. Jackson,15,buffalo-bills,1,2017
8,0,0,0,0.00,Henry JonesH. Jones,0,buffalo-bills,1,2017
9,0,0,0,0.00,Buffalo,0,buffalo-bills,39,2017
10,0,47,19,8.87,Opponents,346,buffalo-bills,44,2017
0,Opponents,0,37,0,69,18.70,buffalo-bills,"1,117",2017
1,Erroll TuckerE. Tucker,0,30,0,10,16.19,buffalo-bills,80,2017
2,Flip JohnsonF. Johnson,0,24,5,16,8.00,buffalo-bills,72,2017
3,Buffalo,0,16,3,26,4.50,buffalo-bills,152,2017
4,Opponents,0,24,8,36,5.85,buffalo-bills,222,2017
5,John KiddJ. Kidd,0,18,10,62,6.17,buffalo-bills,"2,451",2017
6,0,13,2,60,35.3,39.5,buffalo-bills,36,2017
7,"2,451",62,Buffalo,--,39.5,222,buffalo-bills,60,2017
8,36,35.3,0,13,222,2,buffalo-bills,--,2017
0,Opponents,0,37,0,69,18.70,buffalo-bills,"1,117",2017
1,Erroll TuckerE. Tucker,0,30,0,10,16.19,buffalo-bills,80,2017
2,Flip JohnsonF. Johnson,0,24,5,16,8.00,buffalo-bills,72,2017
3,Buffalo,0,16,3,26,4.50,buffalo-bills,152,2017
4,Opponents,0,24,8,36,5.85,buffalo-bills,222,2017
5,John KiddJ. Kidd,0,18,10,62,6.17,buffalo-bills,"2,451",2017
6,0,13,2,60,35.3,39.5,buffalo-bills,36,2017
7,"2,451",62,Buffalo,--,39.5,222,buffalo-bills,60,2017
8,36,35.3,0,13,222,2,buffalo-bills,--,2017
0,0,19.96,"1,058",53,85,Buffalo,buffalo-bills,0,2017
1,0,15.83,"1,187",75,40,Opponents,buffalo-bills,0,2017
2,9,8.88,231,26,26,Mickey SuttonM. Sutton,buffalo-bills,0,2017
3,3,10.50,63,6,14,Erroll TuckerE. Tucker,buffalo-bills,0,2017
4,0,7.00,7,1,7,Flip JohnsonF. Johnson,buffalo-bills,0,2017
5,12,9.12,301,33,26,Buffalo,buffalo-bills,0,2017
6,15,9.08,227,25,25,Opponents,buffalo-bills,0,2017
7,60,39.4,"2,564",65,9,John KiddJ. Kidd,buffalo-bills,15,2017
8,--,227,25,32.2,Buffalo,2,buffalo-bills,65,2017
9,15,9,60,39.4,2,"2,564",buffalo-bills,32.2,2017
0,9,1,Nate OdomesN. Odomes,0,9.00,25,buffalo-bills,0,2017
1,177,25,Buffalo,0,7.08,9,buffalo-bills,9,2017
2,251,31,Opponents,0,8.10,25,buffalo-bills,12,2017
3,"2,107",53,Rick TutenR. Tuten,0,39.8,21,buffalo-bills,55,2017
4,26,34.2,0,12,214,4,buffalo-bills,--,2017
5,39,34.8,174,5,0,John NiesJ. Nies,buffalo-bills,0,2017
0,1,91t,1,18.65,Opponents,970,buffalo-bills,62,2017
1,0,54,0,20.42,Clifford HicksC. Hicks,"1,266",buffalo-bills,12,2017
2,0,59,7,16.92,Al EdwardsA. Edwards,203,buffalo-bills,13,2017
3,0,21,9,5.31,Nate OdomesN. Odomes,69,buffalo-bills,1,2017
4,0,9,0,9.00,Buffalo,9,buffalo-bills,26,2017
5,0,59,16,10.81,Opponents,281,buffalo-bills,15,2017
6,0,20,17,3.53,Chris MohrC. Mohr,53,buffalo-bills,54,2017
7,12,4,58,38.6,0,"2,085",buffalo-bills,36.1,2017
8,54,Buffalo,--,53,"2,085",15,buffalo-bills,38.6,2017
0,42,6,9.97,289,0,29,buffalo-bills,Chris HaleC. Hale,2017
1,27,2,12.50,175,0,14,buffalo-bills,Buffalo,2017
2,42,8,10.79,464,0,43,buffalo-bills,Opponents,2017
3,17,18,8.41,185,0,22,buffalo-bills,Chris MohrC. Mohr,2017
4,7,61,42.2,"2,531",12,60,buffalo-bills,0,2017
5,Buffalo,--,185,22,60,36.8,buffalo-bills,"2,531",2017
6,0,12,7,61,36.8,42.2,buffalo-bills,22,2017
7,"3,465",79,Opponents,--,43.9,185,buffalo-bills,62,2017
8,43,36.5,0,20,464,6,buffalo-bills,--,2017
0,47t,7,8.84,274,1,31,buffalo-bills,Bill BrooksB. Brooks,2017
1,3,0,3.00,3,0,1,buffalo-bills,Steve TaskerS. Tasker,2017
2,0,0,0.00,0,0,1,buffalo-bills,Buffalo,2017
3,47t,7,8.39,277,1,33,buffalo-bills,Opponents,2017
4,27,24,8.52,247,0,29,buffalo-bills,Chris MohrC. Mohr,2017
5,4,58,40.4,"2,991",19,74,buffalo-bills,0,2017
6,Buffalo,--,247,29,74,36.0,buffalo-bills,"2,991",2017
0,0,1,0,1.00,Kenneth DavisK. Davis,1,buffalo-bills,1,2017
1,0,0,0,0.00,Buffalo,0,buffalo-bills,72,2017
2,0,42,0,18.68,Opponents,"1,345",buffalo-bills,72,2017
3,0,45,0,20.21,Jeff BurrisJ. Burris,"1,455",buffalo-bills,32,2017
4,0,57,6,10.38,Russell CopelandR. Copeland,332,buffalo-bills,1,2017
5,0,11,2,11.00,Buffalo,11,buffalo-bills,33,2017
6,0,57,8,10.39,Opponents,343,buffalo-bills,38,2017
7,0,31,11,8.53,Chris MohrC. Mohr,324,buffalo-bills,67,2017
8,13,3,71,41.8,0,"2,799",buffalo-bills,36.0,2017
9,67,Buffalo,--,324,"2,799",38,buffalo-bills,41.8,2017
10,36.0,0,13,3,38,71,buffalo-bills,324,2017
11,42.3,"2,916",69,Opponents,67,--,buffalo-bills,11,2017
0,Opponents,0,42,0,73,18.60,buffalo-bills,"1,615",2017
1,Jeff BurrisJ. Burris,0,46,0,20,22.12,buffalo-bills,229,2017
2,Steve TaskerS. Tasker,0,40,1,17,11.45,buffalo-bills,204,2017
3,Bill BrooksB. Brooks,0,44,7,6,12.00,buffalo-bills,35,2017
4,Russell CopelandR. Copeland,0,15,2,2,5.83,buffalo-bills,8,2017
5,Yonel JourdainY. Jourdain,0,7,1,1,4.00,buffalo-bills,0,2017
6,Damon ThomasD. Thomas,0,0,0,1,0.00,buffalo-bills,0,2017
7,Buffalo,0,0,0,47,0.00,buffalo-bills,476,2017
8,Opponents,0,44,11,23,10.13,buffalo-bills,224,2017
9,Chris MohrC. Mohr,1,69t,30,86,9.74,buffalo-bills,"3,473",2017
0,1,87t,25,6.15,Chris MohrC. Mohr,246,buffalo-bills,101,2017
1,27,13,80,41.5,0,"4,194",buffalo-bills,36.5,2017
2,101,Buffalo,--,246,"4,194",40,buffalo-bills,41.5,2017
3,36.5,0,27,13,40,80,buffalo-bills,246,2017
0,0,10,0,10.00,Tony ClineT. Cline,10,buffalo-bills,1,2017
1,0,0,0,0.00,Buffalo,0,buffalo-bills,78,2017
2,0,53,0,19.72,Opponents,"1,538",buffalo-bills,55,2017
3,3,96t,0,25.18,Jeff BurrisJ. Burris,"1,385",buffalo-bills,21,2017
4,0,32,8,9.43,Steve TaskerS. Tasker,198,buffalo-bills,12,2017
5,0,47,9,9.42,Eric MouldsE. Moulds,113,buffalo-bills,2,2017
6,0,10,0,10.00,Mitchell GallowayM. Galloway,20,buffalo-bills,2,2017
7,0,15,2,7.50,Raymond JacksonR. Jackson,15,buffalo-bills,1,2017
8,0,0,0,0.00,Henry JonesH. Jones,0,buffalo-bills,1,2017
9,0,0,0,0.00,Buffalo,0,buffalo-bills,39,2017
10,0,47,19,8.87,Opponents,346,buffalo-bills,44,2017
0,Opponents,0,37,0,69,18.70,buffalo-bills,"1,117",2017
1,Erroll TuckerE. Tucker,0,30,0,10,16.19,buffalo-bills,80,2017
2,Flip JohnsonF. Johnson,0,24,5,16,8.00,buffalo-bills,72,2017
3,Buffalo,0,16,3,26,4.50,buffalo-bills,152,2017
4,Opponents,0,24,8,36,5.85,buffalo-bills,222,2017
5,John KiddJ. Kidd,0,18,10,62,6.17,buffalo-bills,"2,451",2017
6,0,13,2,60,35.3,39.5,buffalo-bills,36,2017
7,"2,451",62,Buffalo,--,39.5,222,buffalo-bills,60,2017
8,36,35.3,0,13,222,2,buffalo-bills,--,2017
0,0,19.96,"1,058",53,85,Buffalo,buffalo-bills,0,2017
1,0,15.83,"1,187",75,40,Opponents,buffalo-bills,0,2017
2,9,8.88,231,26,26,Mickey SuttonM. Sutton,buffalo-bills,0,2017
3,3,10.50,63,6,14,Erroll TuckerE. Tucker,buffalo-bills,0,2017
4,0,7.00,7,1,7,Flip JohnsonF. Johnson,buffalo-bills,0,2017
5,12,9.12,301,33,26,Buffalo,buffalo-bills,0,2017
6,15,9.08,227,25,25,Opponents,buffalo-bills,0,2017
7,60,39.4,"2,564",65,9,John KiddJ. Kidd,buffalo-bills,15,2017
8,--,227,25,32.2,Buffalo,2,buffalo-bills,65,2017
9,15,9,60,39.4,2,"2,564",buffalo-bills,32.2,2017
0,9,1,Nate OdomesN. Odomes,0,9.00,25,buffalo-bills,0,2017
1,177,25,Buffalo,0,7.08,9,buffalo-bills,9,2017
2,251,31,Opponents,0,8.10,25,buffalo-bills,12,2017
3,"2,107",53,Rick TutenR. Tuten,0,39.8,21,buffalo-bills,55,2017
4,26,34.2,0,12,214,4,buffalo-bills,--,2017
5,39,34.8,174,5,0,John NiesJ. Nies,buffalo-bills,0,2017
0,1,91t,1,18.65,Opponents,970,buffalo-bills,62,2017
1,0,54,0,20.42,Clifford HicksC. Hicks,"1,266",buffalo-bills,12,2017
2,0,59,7,16.92,Al EdwardsA. Edwards,203,buffalo-bills,13,2017
3,0,21,9,5.31,Nate OdomesN. Odomes,69,buffalo-bills,1,2017
4,0,9,0,9.00,Buffalo,9,buffalo-bills,26,2017
5,0,59,16,10.81,Opponents,281,buffalo-bills,15,2017
6,0,20,17,3.53,Chris MohrC. Mohr,53,buffalo-bills,54,2017
7,12,4,58,38.6,0,"2,085",buffalo-bills,36.1,2017
8,54,Buffalo,--,53,"2,085",15,buffalo-bills,38.6,2017
0,42,6,9.97,289,0,29,buffalo-bills,Chris HaleC. Hale,2017
1,27,2,12.50,175,0,14,buffalo-bills,Buffalo,2017
2,42,8,10.79,464,0,43,buffalo-bills,Opponents,2017
3,17,18,8.41,185,0,22,buffalo-bills,Chris MohrC. Mohr,2017
4,7,61,42.2,"2,531",12,60,buffalo-bills,0,2017
5,Buffalo,--,185,22,60,36.8,buffalo-bills,"2,531",2017
6,0,12,7,61,36.8,42.2,buffalo-bills,22,2017
7,"3,465",79,Opponents,--,43.9,185,buffalo-bills,62,2017
8,43,36.5,0,20,464,6,buffalo-bills,--,2017
0,47t,7,8.84,274,1,31,buffalo-bills,Bill BrooksB. Brooks,2017
1,3,0,3.00,3,0,1,buffalo-bills,Steve TaskerS. Tasker,2017
2,0,0,0.00,0,0,1,buffalo-bills,Buffalo,2017
3,47t,7,8.39,277,1,33,buffalo-bills,Opponents,2017
4,27,24,8.52,247,0,29,buffalo-bills,Chris MohrC. Mohr,2017
5,4,58,40.4,"2,991",19,74,buffalo-bills,0,2017
6,Buffalo,--,247,29,74,36.0,buffalo-bills,"2,991",2017
0,0,1,0,1.00,Kenneth DavisK. Davis,1,buffalo-bills,1,2017
1,0,0,0,0.00,Buffalo,0,buffalo-bills,72,2017
2,0,42,0,18.68,Opponents,"1,345",buffalo-bills,72,2017
3,0,45,0,20.21,Jeff BurrisJ. Burris,"1,455",buffalo-bills,32,2017
4,0,57,6,10.38,Russell CopelandR. Copeland,332,buffalo-bills,1,2017
5,0,11,2,11.00,Buffalo,11,buffalo-bills,33,2017
6,0,57,8,10.39,Opponents,343,buffalo-bills,38,2017
7,0,31,11,8.53,Chris MohrC. Mohr,324,buffalo-bills,67,2017
8,13,3,71,41.8,0,"2,799",buffalo-bills,36.0,2017
9,67,Buffalo,--,324,"2,799",38,buffalo-bills,41.8,2017
10,36.0,0,13,3,38,71,buffalo-bills,324,2017
11,42.3,"2,916",69,Opponents,67,--,buffalo-bills,11,2017
0,Opponents,0,42,0,73,18.60,buffalo-bills,"1,615",2017
1,Jeff BurrisJ. Burris,0,46,0,20,22.12,buffalo-bills,229,2017
2,Steve TaskerS. Tasker,0,40,1,17,11.45,buffalo-bills,204,2017
3,Bill BrooksB. Brooks,0,44,7,6,12.00,buffalo-bills,35,2017
4,Russell CopelandR. Copeland,0,15,2,2,5.83,buffalo-bills,8,2017
5,Yonel JourdainY. Jourdain,0,7,1,1,4.00,buffalo-bills,0,2017
6,Damon ThomasD. Thomas,0,0,0,1,0.00,buffalo-bills,0,2017
7,Buffalo,0,0,0,47,0.00,buffalo-bills,476,2017
8,Opponents,0,44,11,23,10.13,buffalo-bills,224,2017
9,Chris MohrC. Mohr,1,69t,30,86,9.74,buffalo-bills,"3,473",2017
0,1,87t,25,6.15,Chris MohrC. Mohr,246,buffalo-bills,101,2017
1,27,13,80,41.5,0,"4,194",buffalo-bills,36.5,2017
2,101,Buffalo,--,246,"4,194",40,buffalo-bills,41.5,2017
3,36.5,0,27,13,40,80,buffalo-bills,246,2017
0,0,10,0,10.00,Tony ClineT. Cline,10,buffalo-bills,1,2017
1,0,0,0,0.00,Buffalo,0,buffalo-bills,78,2017
2,0,53,0,19.72,Opponents,"1,538",buffalo-bills,55,2017
3,3,96t,0,25.18,Jeff BurrisJ. Burris,"1,385",buffalo-bills,21,2017
4,0,32,8,9.43,Steve TaskerS. Tasker,198,buffalo-bills,12,2017
5,0,47,9,9.42,Eric MouldsE. Moulds,113,buffalo-bills,2,2017
6,0,10,0,10.00,Mitchell GallowayM. Galloway,20,buffalo-bills,2,2017
7,0,15,2,7.50,Raymond JacksonR. Jackson,15,buffalo-bills,1,2017
8,0,0,0,0.00,Henry JonesH. Jones,0,buffalo-bills,1,2017
9,0,0,0,0.00,Buffalo,0,buffalo-bills,39,2017
10,0,47,19,8.87,Opponents,346,buffalo-bills,44,2017
0,0,19,0,19.00,Sammy MorrisS. Morris,19,buffalo-bills,1,2017
1,0,17,0,17.00,Henry JonesH. Jones,17,buffalo-bills,1,2017
2,0,4,0,4.00,Kwame CavilK. Cavil,4,buffalo-bills,1,2017
3,0,1,0,1.00,Antowain SmithA. Smith,1,buffalo-bills,1,2017
4,0,0,0,0.00,Buffalo,0,buffalo-bills,69,2017
5,0,37,0,18.29,Opponents,"1,262",buffalo-bills,70,2017
6,2,97t,0,21.77,Chris WatsonC. Watson,"1,524",buffalo-bills,33,2017
7,0,20,18,4.94,Peerless PriceP. Price,163,buffalo-bills,5,2017
8,0,12,5,5.40,Buffalo,27,buffalo-bills,38,2017
9,0,20,23,5.00,Opponents,190,buffalo-bills,51,2017
10,1,73t,21,10.67,Chris MohrC. Mohr,544,buffalo-bills,95,2017
0,0,19.20,96,5,30,Chris WatsonC. Watson,buffalo-bills,0,2017
1,0,19.89,"1,651",83,37,Buffalo,buffalo-bills,0,2017
2,0,18.98,987,52,72,Opponents,buffalo-bills,0,2017
3,8,5.79,110,19,24,Peerless PriceP. Price,buffalo-bills,0,2017
4,1,20.25,81,4,66t,Nate ClementsN. Clements,buffalo-bills,1,2017
5,0,34.00,34,1,34,Avion BlackA. Black,buffalo-bills,0,2017
6,9,9.38,225,24,66t,Buffalo,buffalo-bills,1,2017
0,0,18.00,18,1,18,Shawn BrysonS. Bryson,buffalo-bills,0,2017
1,0,0.00,0,1,0,Sammy MorrisS. Morris,buffalo-bills,0,2017
2,0,19.79,"1,405",71,90t,Buffalo,buffalo-bills,1,2017
3,0,21.50,"1,634",76,98t,Opponents,buffalo-bills,2,2017
4,11,5.27,137,26,16,Charlie RogersC. Rogers,buffalo-bills,0,2017
5,0,5.00,20,4,11,Nate ClementsN. Clements,buffalo-bills,0,2017
6,11,5.23,157,30,16,Buffalo,buffalo-bills,0,2017
7,13,10.14,294,29,61,Opponents,buffalo-bills,0,2017
0,0,21.73,"1,369",63,75,Buffalo,buffalo-bills,0,2017
1,0,19.64,"1,080",55,35,Opponents,buffalo-bills,0,2017
2,11,9.79,137,14,35,Nate ClementsN. Clements,buffalo-bills,0,2017
3,10,4.44,111,25,18,Antonio BrownA. Brown,buffalo-bills,0,2017
4,0,0.00,0,1,0,Pierson PrioleauP. Prioleau,buffalo-bills,0,2017
5,0,0.00,0,1,0,Antoine WinfieldA. Winfield,buffalo-bills,0,2017
0,14,0,14.00,14,0,1,buffalo-bills,Ryan NeufeldR. Neufeld,2017
1,3,0,3.00,3,0,1,buffalo-bills,Eric MouldsE. Moulds,2017
2,2,0,2.00,2,0,1,buffalo-bills,Buffalo,2017
3,104t,0,24.48,"1,542",3,63,buffalo-bills,Opponents,2017
4,65,0,18.26,"1,406",0,77,buffalo-bills,Nate ClementsN. Clements,2017
5,86t,10,9.34,327,1,35,buffalo-bills,Jonathan SmithJ. Smith,2017
6,70t,0,17.44,157,1,9,buffalo-bills,Josh ReedJ. Reed,2017
7,7,0,7.00,7,0,1,buffalo-bills,Shaud WilliamsS. Williams,2017
8,0,0,0.00,0,0,1,buffalo-bills,Buffalo,2017
9,86t,10,10.67,491,2,46,buffalo-bills,Opponents,2017
0,3,Ryan NeufeldR. Neufeld,0,19,39,0,buffalo-bills,13.00,2017
1,1,Jim LeonhardJ. Leonhard,0,23,36,0,buffalo-bills,36.00,2017
2,2,Daimon SheltonD. Shelton,0,36,26,0,buffalo-bills,13.00,2017
3,1,Tim EuhusT. Euhus,0,16,0,0,buffalo-bills,0.00,2017
4,75,Buffalo,0,0,"1,992",0,buffalo-bills,26.56,2017
5,64,Opponents,1,99t,"1,308",0,buffalo-bills,20.44,2017
6,14,Roscoe ParrishR. Parrish,1,95t,186,0,buffalo-bills,13.29,2017
7,8,Nate ClementsN. Clements,0,43,52,9,buffalo-bills,6.50,2017
8,6,Jonathan SmithJ. Smith,0,13,41,3,buffalo-bills,6.83,2017
9,28,Buffalo,0,17,279,5,buffalo-bills,9.96,2017
10,42,Opponents,0,43,285,17,buffalo-bills,6.79,2017
0,0,5.00,10,2,9,Raymond PrestonR. Preston,buffalo-bills,0,2017
1,0,2.00,4,2,5,Mario HagganM. Haggan,buffalo-bills,0,2017
2,0,23.86,"1,503",63,88,Buffalo,buffalo-bills,0,2017
3,0,21.32,"1,279",60,74,Opponents,buffalo-bills,0,2017
4,9,11.38,364,32,82t,Roscoe ParrishR. Parrish,buffalo-bills,1,2017
5,1,8.29,58,7,32,Jim LeonhardJ. Leonhard,buffalo-bills,0,2017
6,10,10.82,422,39,82t,Buffalo,buffalo-bills,1,2017
7,20,7.36,265,36,25,Opponents,buffalo-bills,0,2017
0,2,Anthony ThomasA. Thomas,0,17,26,0,buffalo-bills,13.00,2017
1,1,Raymond PrestonR. Preston,0,15,12,0,buffalo-bills,12.00,2017
2,3,Ryan NeufeldR. Neufeld,0,12,6,0,buffalo-bills,2.00,2017
3,1,Kirk ChambersK. Chambers,0,7,6,0,buffalo-bills,6.00,2017
4,1,George WilsonG. Wilson,0,6,0,0,buffalo-bills,0.00,2017
5,1,Dwayne WrightD. Wright,0,0,0,0,buffalo-bills,0.00,2017
6,70,Buffalo,0,0,"1,448",0,buffalo-bills,20.69,2017
7,56,Opponents,1,103t,"1,150",0,buffalo-bills,20.54,2017
8,27,Roscoe ParrishR. Parrish,1,100t,440,0,buffalo-bills,16.30,2017
9,4,Jim LeonhardJ. Leonhard,1,74t,36,2,buffalo-bills,9.00,2017
10,31,Buffalo,0,13,476,2,buffalo-bills,15.35,2017
11,37,Opponents,1,74t,196,4,buffalo-bills,5.30,2017
12,81,Brian MoormanB. Moorman,0,29,"3,302",16,buffalo-bills,40.8,2017
0,0,19,0,13.33,Corey McIntyreC. McIntyre,40,buffalo-bills,1,2017
1,0,18,0,18.00,George WilsonG. Wilson,18,buffalo-bills,1,2017
2,0,7,0,7.00,Stevie JohnsonS. Johnson,7,buffalo-bills,1,2017
3,0,0,0,0.00,Buffalo,0,buffalo-bills,75,2017
4,1,98t,0,24.21,Opponents,"1,816",buffalo-bills,63,2017
5,0,69,0,19.79,Roscoe ParrishR. Parrish,"1,247",buffalo-bills,21,2017
6,1,63t,10,15.33,Fred JacksonF. Jackson,322,buffalo-bills,7,2017
7,0,35,0,16.57,Leodis McKelvinL. McKelvin,116,buffalo-bills,2,2017
8,0,14,0,13.00,Buffalo,26,buffalo-bills,30,2017
9,1,63t,10,15.47,Opponents,464,buffalo-bills,18,2017
0,3,Justin JenkinsJ. Jenkins,0,33,45,0,buffalo-bills,15.00,2017
1,1,Terrence McGeeT. McGee,0,19,30,0,buffalo-bills,30.00,2017
2,1,Xavier OmonX. Omon,0,30,26,0,buffalo-bills,26.00,2017
3,1,Spencer JohnsonS. Johnson,0,26,12,0,buffalo-bills,12.00,2017
4,1,Jonathan StuparJ. Stupar,0,12,11,0,buffalo-bills,11.00,2017
5,0,Jon CortoJ. Corto,0,11,0,0,buffalo-bills,0.00,2017
6,64,Buffalo,0,0,"1,517",1,buffalo-bills,23.70,2017
7,59,Opponents,0,71,"1,271",1,buffalo-bills,21.54,2017
8,24,Roscoe ParrishR. Parrish,0,52,133,0,buffalo-bills,5.54,2017
9,6,Fred JacksonF. Jackson,0,31,69,13,buffalo-bills,11.50,2017
10,0,Ashton YoubotyA. Youboty,0,27,16,5,buffalo-bills,0.00,2017
0,2,Naaman RooseveltN. Roosevelt,0,31,31,0,buffalo-bills,15.50,2017
1,2,Jehuu CaulcrickJ. Caulcrick,0,16,28,0,buffalo-bills,14.00,2017
2,1,Chris EllisC. Ellis,0,17,0,0,buffalo-bills,0.00,2017
3,69,Buffalo,0,0,"1,458",0,buffalo-bills,21.13,2017
4,57,Opponents,1,95t,"1,238",0,buffalo-bills,21.72,2017
5,12,C.J. SpillerC. Spiller,0,51,175,0,buffalo-bills,14.58,2017
6,12,Roscoe ParrishR. Parrish,0,34,131,8,buffalo-bills,10.92,2017
7,6,Leodis McKelvinL. McKelvin,0,33,24,7,buffalo-bills,4.00,2017
0,0,28.69,373,13,54,Justin RogersJ. Rogers,buffalo-bills,0,2017
1,0,18.80,282,15,28,Brad SmithB. Smith,buffalo-bills,0,2017
2,0,23.83,143,6,35,C.J. SpillerC. Spiller,buffalo-bills,0,2017
3,0,21.50,43,2,22,Leodis McKelvinL. McKelvin,buffalo-bills,0,2017
4,0,12.00,12,1,12,Mike CaussinM. Caussin,buffalo-bills,0,2017
5,0,23.05,853,37,54,Buffalo,buffalo-bills,0,2017
6,0,20.43,"1,144",56,59,Opponents,buffalo-bills,0,2017
0,0,28.33,510,18,59,Leodis McKelvinL. McKelvin,buffalo-bills,0,2017
1,0,27.56,496,18,89t,Brad SmithB. Smith,buffalo-bills,1,2017
2,0,37.50,75,2,55,Marcus EasleyM. Easley,buffalo-bills,0,2017
3,0,27.50,55,2,28,Justin RogersJ. Rogers,buffalo-bills,0,2017
4,0,0.00,0,1,0,Lee SmithL. Smith,buffalo-bills,0,2017
5,0,0.00,0,1,0,Alex CarringtonA. Carrington,buffalo-bills,0,2017
6,0,27.05,"1,136",42,89t,Buffalo,buffalo-bills,1,2017
7,0,22.43,"1,144",51,96t,Opponents,buffalo-bills,1,2017
0,0,21.94,351,16,28,Marquise GoodwinM. Goodwin,buffalo-bills,0,2017
1,0,20.75,83,4,28,Marcus EasleyM. Easley,buffalo-bills,0,2017
2,0,19.00,19,1,19,T.J. GrahamT. Graham,buffalo-bills,0,2017
3,0,9.00,9,1,9,Robert WoodsR. Woods,buffalo-bills,0,2017
4,0,7.00,7,1,7,Jay RossJ. Ross,buffalo-bills,0,2017
5,0,20.39,469,23,28,Buffalo,buffalo-bills,0,2017
6,0,23.38,"1,122",48,83,Opponents,buffalo-bills,0,2017
0,0,30.60,306,10,102t,C.J. SpillerC. Spiller,buffalo-bills,1,2017
1,0,27.50,165,6,49,Marcus ThigpenM. Thigpen,buffalo-bills,0,2017
2,0,21.00,84,4,24,Marquise GoodwinM. Goodwin,buffalo-bills,0,2017
3,0,25.00,75,3,32,Bryce BrownB. Brown,buffalo-bills,0,2017
4,0,16.00,64,4,30,Leodis McKelvinL. McKelvin,buffalo-bills,0,2017
5,0,13.00,52,4,15,Anthony DixonA. Dixon,buffalo-bills,0,2017
6,0,13.00,13,1,13,Marcus EasleyM. Easley,buffalo-bills,0,2017
7,0,11.00,11,1,11,Frank SummersF. Summers,buffalo-bills,0,2017
8,0,23.33,770,33,102t,Buffalo,buffalo-bills,1,2017
9,0,19.97,639,32,41,Opponents,buffalo-bills,0,2017
0,0,19.29,328,17,31,Marcus ThigpenM. Thigpen,buffalo-bills,0,2017
1,0,21.60,108,5,25,Percy HarvinP. Harvin,buffalo-bills,0,2017
2,0,23.00,92,4,28,Dan HerronD. Herron,buffalo-bills,0,2017
3,0,25.67,77,3,32,Walter PowellW. Powell,buffalo-bills,0,2017
4,0,14.00,70,5,20,Denarius MooreD. Moore,buffalo-bills,0,2017
5,0,14.75,59,4,17,Anthony DixonA. Dixon,buffalo-bills,0,2017
6,0,16.50,33,2,19,Marquise GoodwinM. Goodwin,buffalo-bills,0,2017
7,0,5.00,5,1,5,Jerome FeltonJ. Felton,buffalo-bills,0,2017
8,0,18.83,772,41,32,Buffalo,buffalo-bills,0,2017
9,0,17.20,688,40,49,Opponents,buffalo-bills,0,2017
0,0,22.83,662,29,45,Brandon TateB. Tate,buffalo-bills,0,2017
1,0,20.60,103,5,35,Reggie BushR. Bush,buffalo-bills,0,2017
2,0,13.50,27,2,14,Nick O'LearyN. O'Leary,buffalo-bills,0,2017
3,0,19.00,19,1,19,Mike GillisleeM. Gillislee,buffalo-bills,0,2017
4,0,9.00,18,2,11,Jerome FeltonJ. Felton,buffalo-bills,0,2017
5,0,21.26,829,39,45,Buffalo,buffalo-bills,0,2017
6,0,21.72,999,46,73,Opponents,buffalo-bills,0,2017
0,1,Leslie ShepherdL. Shepherd,0,15,14,0,miami-dolphins,14.00,2017
1,2,Hunter GoodwinH. Goodwin,0,14,6,0,miami-dolphins,3.00,2017
2,51,Miami,0,6,"1,133",0,miami-dolphins,22.22,2017
3,68,Opponents,0,56,"1,260",0,miami-dolphins,18.53,2017
4,19,Jeff OgdenJ. Ogden,0,37,323,0,miami-dolphins,17.00,2017
5,15,Leslie ShepherdL. Shepherd,1,81t,164,11,miami-dolphins,10.93,2017
6,5,Ben KellyB. Kelly,0,32,31,7,miami-dolphins,6.20,2017
7,0,O.J. McDuffieO. McDuffie,0,10,0,0,miami-dolphins,0.00,2017
8,39,Miami,0,0,518,1,miami-dolphins,13.28,2017
0,0,1,Ed PerryE. Perry,0,0.00,16,miami-dolphins,1,2017
1,"1,222",57,Miami,0,21.44,0,miami-dolphins,1,2017
2,"1,189",59,Opponents,0,20.15,55,miami-dolphins,0,2017
3,377,32,Jeff OgdenJ. Ogden,0,11.78,50,miami-dolphins,11,2017
4,88,9,Dedric WardD. Ward,0,9.78,48,miami-dolphins,2,2017
5,6,1,Sam MadisonS. Madison,0,6.00,18,miami-dolphins,0,2017
6,0,1,Terry CousinT. Cousin,0,0.00,6,miami-dolphins,0,2017
0,0,11.50,23,2,18,Jed WeaverJ. Weaver,miami-dolphins,0,2017
1,0,0.00,0,1,0,Jamar FletcherJ. Fletcher,miami-dolphins,0,2017
2,0,23.54,"1,483",63,66,Miami,miami-dolphins,0,2017
3,0,22.32,"1,540",69,56,Opponents,miami-dolphins,0,2017
4,11,10.56,169,16,34,Dedric WardD. Ward,miami-dolphins,0,2017
5,3,8.62,69,8,13,Albert JohnsonA. Johnson,miami-dolphins,0,2017
6,3,7.86,55,7,21,Robert BakerR. Baker,miami-dolphins,0,2017
7,17,9.45,293,31,34,Miami,miami-dolphins,0,2017
0,0,1,Donald LeeD. Lee,0,0.00,28,miami-dolphins,0,2017
1,"1,202",57,Miami,0,21.09,0,miami-dolphins,0,2017
2,"1,010",47,Opponents,0,21.49,49,miami-dolphins,0,2017
3,186,21,Charlie RogersC. Rogers,0,8.86,73,miami-dolphins,13,2017
4,100,8,Sam SimmonsS. Simmons,0,12.50,48,miami-dolphins,6,2017
5,2,1,Terrell BuckleyT. Buckley,0,2.00,32,miami-dolphins,0,2017
6,0,1,Kendall NewsonK. Newson,0,0.00,2,miami-dolphins,0,2017
0,22.00,22,1,Will PooleW. Poole,0,0,miami-dolphins,22,2017
1,23.71,"1,660",70,Miami,0,0,miami-dolphins,95t,2017
2,21.84,"1,114",51,Opponents,0,1,miami-dolphins,104t,2017
3,10.79,464,43,Wes WelkerW. Welker,12,1,miami-dolphins,71,2017
4,9.89,89,9,Lamont BrightfulL. Brightful,2,0,miami-dolphins,36,2017
5,0.00,11,0,Bryan GilmoreB. Gilmore,0,0,miami-dolphins,11,2017
6,10.85,564,52,Miami,14,0,miami-dolphins,71,2017
7,5.73,258,45,Opponents,19,0,miami-dolphins,24,2017
0,68,Miami,0,5,"1,501",0,miami-dolphins,22.07,2017
1,56,Opponents,0,46,"1,425",0,miami-dolphins,25.45,2017
2,43,Wes WelkerW. Welker,0,65,390,0,miami-dolphins,9.07,2017
3,43,Miami,0,47,390,23,miami-dolphins,9.07,2017
4,46,Opponents,0,47,227,23,miami-dolphins,4.93,2017
5,88,Donnie JonesD. Jones,0,37,"3,827",14,miami-dolphins,43.5,2017
6,39.3,0,31,7,46,63,miami-dolphins,227,2017
0,2,21.19,"1,102",52,46,Miami,miami-dolphins,0,2017
1,0,24.52,981,40,51,Opponents,miami-dolphins,0,2017
2,29,9.22,378,41,47,Wes WelkerW. Welker,miami-dolphins,0,2017
3,29,9.22,378,41,47,Miami,miami-dolphins,0,2017
4,10,7.49,367,49,28,Opponents,miami-dolphins,0,2017
5,64,42.8,"3,640",85,10,Donnie JonesD. Jones,miami-dolphins,28,2017
0,4.00,4,1,Reagan Maui'aR. Maui'a,1,0,miami-dolphins,4,2017
1,0.00,3,0,Greg CamarilloG. Camarillo,0,0,miami-dolphins,3,2017
2,1.50,3,2,Marty BookerM. Booker,0,0,miami-dolphins,3,2017
3,0.00,0,1,Steve FifitaS. Fifita,0,0,miami-dolphins,0,2017
4,0.00,0,0,Rob NinkovichR. Ninkovich,1,0,miami-dolphins,0,2017
5,0.00,0,1,Justin PeelleJ. Peelle,0,0,miami-dolphins,0,2017
6,19.90,"1,552",78,Miami,2,0,miami-dolphins,52,2017
7,25.84,"1,292",50,Opponents,0,0,miami-dolphins,98t,2017
8,9.58,230,24,Ted Ginn Jr.T. Ginn,15,2,miami-dolphins,87t,2017
9,9.58,230,24,Miami,15,1,miami-dolphins,87t,2017
10,9.92,387,39,Opponents,7,1,miami-dolphins,49,2017
11,43.2,"3,327",77,Brandon FieldsB. Fields,61,0,miami-dolphins,6,2017
12,387,39,36.6,0,--,10,miami-dolphins,Miami,2017
0,14.00,14,1,Ikechuku NdukweI. Ndukwe,0,0,miami-dolphins,14,2017
1,0.00,0,1,Nathan JonesN. Jones,0,0,miami-dolphins,0,2017
2,0.00,0,1,Anthony FasanoA. Fasano,0,0,miami-dolphins,0,2017
3,20.22,"1,213",60,Miami,0,0,miami-dolphins,60,2017
4,24.34,"1,655",68,Opponents,0,0,miami-dolphins,95,2017
5,11.00,231,21,Davone BessD. Bess,10,0,miami-dolphins,27,2017
6,7.71,54,7,Ted Ginn Jr.T. Ginn,1,0,miami-dolphins,15,2017
7,10.18,285,28,Miami,11,0,miami-dolphins,27,2017
8,13.11,485,37,Opponents,15,0,miami-dolphins,93t,2017
9,43.9,"3,249",74,Brandon FieldsB. Fields,71,2,miami-dolphins,7,2017
0,0,12.00,36,3,18,Brian HartlineB. Hartline,miami-dolphins,0,2017
1,0,12.00,24,2,12,Lousaka PoliteL. Polite,miami-dolphins,0,2017
2,0,13.00,13,1,13,Joe BergerJ. Berger,miami-dolphins,0,2017
3,0,9.00,9,1,9,Reggie TorborR. Torbor,miami-dolphins,0,2017
4,1,0.00,0,0,0,Joey HaynosJ. Haynos,miami-dolphins,0,2017
5,1,23.19,"1,739",75,101t,Miami,miami-dolphins,2,2017
6,0,21.93,"1,557",71,87,Opponents,miami-dolphins,0,2017
7,13,7.46,209,28,22,Davone BessD. Bess,miami-dolphins,0,2017
8,0,5.60,28,5,12,Ted Ginn Jr.T. Ginn,miami-dolphins,0,2017
0,0,19,0,19.00,Sammy MorrisS. Morris,19,buffalo-bills,1,2017
1,0,17,0,17.00,Henry JonesH. Jones,17,buffalo-bills,1,2017
2,0,4,0,4.00,Kwame CavilK. Cavil,4,buffalo-bills,1,2017
3,0,1,0,1.00,Antowain SmithA. Smith,1,buffalo-bills,1,2017
4,0,0,0,0.00,Buffalo,0,buffalo-bills,69,2017
5,0,37,0,18.29,Opponents,"1,262",buffalo-bills,70,2017
6,2,97t,0,21.77,Chris WatsonC. Watson,"1,524",buffalo-bills,33,2017
7,0,20,18,4.94,Peerless PriceP. Price,163,buffalo-bills,5,2017
8,0,12,5,5.40,Buffalo,27,buffalo-bills,38,2017
9,0,20,23,5.00,Opponents,190,buffalo-bills,51,2017
10,1,73t,21,10.67,Chris MohrC. Mohr,544,buffalo-bills,95,2017
0,0,19.20,96,5,30,Chris WatsonC. Watson,buffalo-bills,0,2017
1,0,19.89,"1,651",83,37,Buffalo,buffalo-bills,0,2017
2,0,18.98,987,52,72,Opponents,buffalo-bills,0,2017
3,8,5.79,110,19,24,Peerless PriceP. Price,buffalo-bills,0,2017
4,1,20.25,81,4,66t,Nate ClementsN. Clements,buffalo-bills,1,2017
5,0,34.00,34,1,34,Avion BlackA. Black,buffalo-bills,0,2017
6,9,9.38,225,24,66t,Buffalo,buffalo-bills,1,2017
0,0,18.00,18,1,18,Shawn BrysonS. Bryson,buffalo-bills,0,2017
1,0,0.00,0,1,0,Sammy MorrisS. Morris,buffalo-bills,0,2017
2,0,19.79,"1,405",71,90t,Buffalo,buffalo-bills,1,2017
3,0,21.50,"1,634",76,98t,Opponents,buffalo-bills,2,2017
4,11,5.27,137,26,16,Charlie RogersC. Rogers,buffalo-bills,0,2017
5,0,5.00,20,4,11,Nate ClementsN. Clements,buffalo-bills,0,2017
6,11,5.23,157,30,16,Buffalo,buffalo-bills,0,2017
7,13,10.14,294,29,61,Opponents,buffalo-bills,0,2017
0,0,21.73,"1,369",63,75,Buffalo,buffalo-bills,0,2017
1,0,19.64,"1,080",55,35,Opponents,buffalo-bills,0,2017
2,11,9.79,137,14,35,Nate ClementsN. Clements,buffalo-bills,0,2017
3,10,4.44,111,25,18,Antonio BrownA. Brown,buffalo-bills,0,2017
4,0,0.00,0,1,0,Pierson PrioleauP. Prioleau,buffalo-bills,0,2017
5,0,0.00,0,1,0,Antoine WinfieldA. Winfield,buffalo-bills,0,2017
0,14,0,14.00,14,0,1,buffalo-bills,Ryan NeufeldR. Neufeld,2017
1,3,0,3.00,3,0,1,buffalo-bills,Eric MouldsE. Moulds,2017
2,2,0,2.00,2,0,1,buffalo-bills,Buffalo,2017
3,104t,0,24.48,"1,542",3,63,buffalo-bills,Opponents,2017
4,65,0,18.26,"1,406",0,77,buffalo-bills,Nate ClementsN. Clements,2017
5,86t,10,9.34,327,1,35,buffalo-bills,Jonathan SmithJ. Smith,2017
6,70t,0,17.44,157,1,9,buffalo-bills,Josh ReedJ. Reed,2017
7,7,0,7.00,7,0,1,buffalo-bills,Shaud WilliamsS. Williams,2017
8,0,0,0.00,0,0,1,buffalo-bills,Buffalo,2017
9,86t,10,10.67,491,2,46,buffalo-bills,Opponents,2017
0,3,Ryan NeufeldR. Neufeld,0,19,39,0,buffalo-bills,13.00,2017
1,1,Jim LeonhardJ. Leonhard,0,23,36,0,buffalo-bills,36.00,2017
2,2,Daimon SheltonD. Shelton,0,36,26,0,buffalo-bills,13.00,2017
3,1,Tim EuhusT. Euhus,0,16,0,0,buffalo-bills,0.00,2017
4,75,Buffalo,0,0,"1,992",0,buffalo-bills,26.56,2017
5,64,Opponents,1,99t,"1,308",0,buffalo-bills,20.44,2017
6,14,Roscoe ParrishR. Parrish,1,95t,186,0,buffalo-bills,13.29,2017
7,8,Nate ClementsN. Clements,0,43,52,9,buffalo-bills,6.50,2017
8,6,Jonathan SmithJ. Smith,0,13,41,3,buffalo-bills,6.83,2017
9,28,Buffalo,0,17,279,5,buffalo-bills,9.96,2017
10,42,Opponents,0,43,285,17,buffalo-bills,6.79,2017
0,0,5.00,10,2,9,Raymond PrestonR. Preston,buffalo-bills,0,2017
1,0,2.00,4,2,5,Mario HagganM. Haggan,buffalo-bills,0,2017
2,0,23.86,"1,503",63,88,Buffalo,buffalo-bills,0,2017
3,0,21.32,"1,279",60,74,Opponents,buffalo-bills,0,2017
4,9,11.38,364,32,82t,Roscoe ParrishR. Parrish,buffalo-bills,1,2017
5,1,8.29,58,7,32,Jim LeonhardJ. Leonhard,buffalo-bills,0,2017
6,10,10.82,422,39,82t,Buffalo,buffalo-bills,1,2017
7,20,7.36,265,36,25,Opponents,buffalo-bills,0,2017
0,2,Anthony ThomasA. Thomas,0,17,26,0,buffalo-bills,13.00,2017
1,1,Raymond PrestonR. Preston,0,15,12,0,buffalo-bills,12.00,2017
2,3,Ryan NeufeldR. Neufeld,0,12,6,0,buffalo-bills,2.00,2017
3,1,Kirk ChambersK. Chambers,0,7,6,0,buffalo-bills,6.00,2017
4,1,George WilsonG. Wilson,0,6,0,0,buffalo-bills,0.00,2017
5,1,Dwayne WrightD. Wright,0,0,0,0,buffalo-bills,0.00,2017
6,70,Buffalo,0,0,"1,448",0,buffalo-bills,20.69,2017
7,56,Opponents,1,103t,"1,150",0,buffalo-bills,20.54,2017
8,27,Roscoe ParrishR. Parrish,1,100t,440,0,buffalo-bills,16.30,2017
9,4,Jim LeonhardJ. Leonhard,1,74t,36,2,buffalo-bills,9.00,2017
10,31,Buffalo,0,13,476,2,buffalo-bills,15.35,2017
11,37,Opponents,1,74t,196,4,buffalo-bills,5.30,2017
12,81,Brian MoormanB. Moorman,0,29,"3,302",16,buffalo-bills,40.8,2017
0,0,19,0,13.33,Corey McIntyreC. McIntyre,40,buffalo-bills,1,2017
1,0,18,0,18.00,George WilsonG. Wilson,18,buffalo-bills,1,2017
2,0,7,0,7.00,Stevie JohnsonS. Johnson,7,buffalo-bills,1,2017
3,0,0,0,0.00,Buffalo,0,buffalo-bills,75,2017
4,1,98t,0,24.21,Opponents,"1,816",buffalo-bills,63,2017
5,0,69,0,19.79,Roscoe ParrishR. Parrish,"1,247",buffalo-bills,21,2017
6,1,63t,10,15.33,Fred JacksonF. Jackson,322,buffalo-bills,7,2017
7,0,35,0,16.57,Leodis McKelvinL. McKelvin,116,buffalo-bills,2,2017
8,0,14,0,13.00,Buffalo,26,buffalo-bills,30,2017
9,1,63t,10,15.47,Opponents,464,buffalo-bills,18,2017
0,3,Justin JenkinsJ. Jenkins,0,33,45,0,buffalo-bills,15.00,2017
1,1,Terrence McGeeT. McGee,0,19,30,0,buffalo-bills,30.00,2017
2,1,Xavier OmonX. Omon,0,30,26,0,buffalo-bills,26.00,2017
3,1,Spencer JohnsonS. Johnson,0,26,12,0,buffalo-bills,12.00,2017
4,1,Jonathan StuparJ. Stupar,0,12,11,0,buffalo-bills,11.00,2017
5,0,Jon CortoJ. Corto,0,11,0,0,buffalo-bills,0.00,2017
6,64,Buffalo,0,0,"1,517",1,buffalo-bills,23.70,2017
7,59,Opponents,0,71,"1,271",1,buffalo-bills,21.54,2017
8,24,Roscoe ParrishR. Parrish,0,52,133,0,buffalo-bills,5.54,2017
9,6,Fred JacksonF. Jackson,0,31,69,13,buffalo-bills,11.50,2017
10,0,Ashton YoubotyA. Youboty,0,27,16,5,buffalo-bills,0.00,2017
0,2,Naaman RooseveltN. Roosevelt,0,31,31,0,buffalo-bills,15.50,2017
1,2,Jehuu CaulcrickJ. Caulcrick,0,16,28,0,buffalo-bills,14.00,2017
2,1,Chris EllisC. Ellis,0,17,0,0,buffalo-bills,0.00,2017
3,69,Buffalo,0,0,"1,458",0,buffalo-bills,21.13,2017
4,57,Opponents,1,95t,"1,238",0,buffalo-bills,21.72,2017
5,12,C.J. SpillerC. Spiller,0,51,175,0,buffalo-bills,14.58,2017
6,12,Roscoe ParrishR. Parrish,0,34,131,8,buffalo-bills,10.92,2017
7,6,Leodis McKelvinL. McKelvin,0,33,24,7,buffalo-bills,4.00,2017
0,0,28.69,373,13,54,Justin RogersJ. Rogers,buffalo-bills,0,2017
1,0,18.80,282,15,28,Brad SmithB. Smith,buffalo-bills,0,2017
2,0,23.83,143,6,35,C.J. SpillerC. Spiller,buffalo-bills,0,2017
3,0,21.50,43,2,22,Leodis McKelvinL. McKelvin,buffalo-bills,0,2017
4,0,12.00,12,1,12,Mike CaussinM. Caussin,buffalo-bills,0,2017
5,0,23.05,853,37,54,Buffalo,buffalo-bills,0,2017
6,0,20.43,"1,144",56,59,Opponents,buffalo-bills,0,2017
0,0,28.33,510,18,59,Leodis McKelvinL. McKelvin,buffalo-bills,0,2017
1,0,27.56,496,18,89t,Brad SmithB. Smith,buffalo-bills,1,2017
2,0,37.50,75,2,55,Marcus EasleyM. Easley,buffalo-bills,0,2017
3,0,27.50,55,2,28,Justin RogersJ. Rogers,buffalo-bills,0,2017
4,0,0.00,0,1,0,Lee SmithL. Smith,buffalo-bills,0,2017
5,0,0.00,0,1,0,Alex CarringtonA. Carrington,buffalo-bills,0,2017
6,0,27.05,"1,136",42,89t,Buffalo,buffalo-bills,1,2017
7,0,22.43,"1,144",51,96t,Opponents,buffalo-bills,1,2017
0,0,21.94,351,16,28,Marquise GoodwinM. Goodwin,buffalo-bills,0,2017
1,0,20.75,83,4,28,Marcus EasleyM. Easley,buffalo-bills,0,2017
2,0,19.00,19,1,19,T.J. GrahamT. Graham,buffalo-bills,0,2017
3,0,9.00,9,1,9,Robert WoodsR. Woods,buffalo-bills,0,2017
4,0,7.00,7,1,7,Jay RossJ. Ross,buffalo-bills,0,2017
5,0,20.39,469,23,28,Buffalo,buffalo-bills,0,2017
6,0,23.38,"1,122",48,83,Opponents,buffalo-bills,0,2017
0,0,30.60,306,10,102t,C.J. SpillerC. Spiller,buffalo-bills,1,2017
1,0,27.50,165,6,49,Marcus ThigpenM. Thigpen,buffalo-bills,0,2017
2,0,21.00,84,4,24,Marquise GoodwinM. Goodwin,buffalo-bills,0,2017
3,0,25.00,75,3,32,Bryce BrownB. Brown,buffalo-bills,0,2017
4,0,16.00,64,4,30,Leodis McKelvinL. McKelvin,buffalo-bills,0,2017
5,0,13.00,52,4,15,Anthony DixonA. Dixon,buffalo-bills,0,2017
6,0,13.00,13,1,13,Marcus EasleyM. Easley,buffalo-bills,0,2017
7,0,11.00,11,1,11,Frank SummersF. Summers,buffalo-bills,0,2017
8,0,23.33,770,33,102t,Buffalo,buffalo-bills,1,2017
9,0,19.97,639,32,41,Opponents,buffalo-bills,0,2017
0,0,19.29,328,17,31,Marcus ThigpenM. Thigpen,buffalo-bills,0,2017
1,0,21.60,108,5,25,Percy HarvinP. Harvin,buffalo-bills,0,2017
2,0,23.00,92,4,28,Dan HerronD. Herron,buffalo-bills,0,2017
3,0,25.67,77,3,32,Walter PowellW. Powell,buffalo-bills,0,2017
4,0,14.00,70,5,20,Denarius MooreD. Moore,buffalo-bills,0,2017
5,0,14.75,59,4,17,Anthony DixonA. Dixon,buffalo-bills,0,2017
6,0,16.50,33,2,19,Marquise GoodwinM. Goodwin,buffalo-bills,0,2017
7,0,5.00,5,1,5,Jerome FeltonJ. Felton,buffalo-bills,0,2017
8,0,18.83,772,41,32,Buffalo,buffalo-bills,0,2017
9,0,17.20,688,40,49,Opponents,buffalo-bills,0,2017
0,0,22.83,662,29,45,Brandon TateB. Tate,buffalo-bills,0,2017
1,0,20.60,103,5,35,Reggie BushR. Bush,buffalo-bills,0,2017
2,0,13.50,27,2,14,Nick O'LearyN. O'Leary,buffalo-bills,0,2017
3,0,19.00,19,1,19,Mike GillisleeM. Gillislee,buffalo-bills,0,2017
4,0,9.00,18,2,11,Jerome FeltonJ. Felton,buffalo-bills,0,2017
5,0,21.26,829,39,45,Buffalo,buffalo-bills,0,2017
6,0,21.72,999,46,73,Opponents,buffalo-bills,0,2017
0,0,19.57,548,28,29,Brandon TateB. Tate,buffalo-bills,0,2017
1,0,25.00,50,2,27,Taiwan JonesT. Jones,buffalo-bills,0,2017
2,0,24.00,24,1,24,Patrick DiMarcoP. DiMarco,buffalo-bills,0,2017
3,0,18.00,18,1,18,Marcus MurphyM. Murphy,buffalo-bills,0,2017
4,1,0.00,0,0,0,Mike TolbertM. Tolbert,buffalo-bills,0,2017
5,1,20.00,640,32,29,Buffalo,buffalo-bills,0,2017
6,0,21.97,681,31,61,Opponents,buffalo-bills,0,2017
0,1,Leslie ShepherdL. Shepherd,0,15,14,0,miami-dolphins,14.00,2017
1,2,Hunter GoodwinH. Goodwin,0,14,6,0,miami-dolphins,3.00,2017
2,51,Miami,0,6,"1,133",0,miami-dolphins,22.22,2017
3,68,Opponents,0,56,"1,260",0,miami-dolphins,18.53,2017
4,19,Jeff OgdenJ. Ogden,0,37,323,0,miami-dolphins,17.00,2017
5,15,Leslie ShepherdL. Shepherd,1,81t,164,11,miami-dolphins,10.93,2017
6,5,Ben KellyB. Kelly,0,32,31,7,miami-dolphins,6.20,2017
7,0,O.J. McDuffieO. McDuffie,0,10,0,0,miami-dolphins,0.00,2017
8,39,Miami,0,0,518,1,miami-dolphins,13.28,2017
0,0,1,Ed PerryE. Perry,0,0.00,16,miami-dolphins,1,2017
1,"1,222",57,Miami,0,21.44,0,miami-dolphins,1,2017
2,"1,189",59,Opponents,0,20.15,55,miami-dolphins,0,2017
3,377,32,Jeff OgdenJ. Ogden,0,11.78,50,miami-dolphins,11,2017
4,88,9,Dedric WardD. Ward,0,9.78,48,miami-dolphins,2,2017
5,6,1,Sam MadisonS. Madison,0,6.00,18,miami-dolphins,0,2017
6,0,1,Terry CousinT. Cousin,0,0.00,6,miami-dolphins,0,2017
0,0,11.50,23,2,18,Jed WeaverJ. Weaver,miami-dolphins,0,2017
1,0,0.00,0,1,0,Jamar FletcherJ. Fletcher,miami-dolphins,0,2017
2,0,23.54,"1,483",63,66,Miami,miami-dolphins,0,2017
3,0,22.32,"1,540",69,56,Opponents,miami-dolphins,0,2017
4,11,10.56,169,16,34,Dedric WardD. Ward,miami-dolphins,0,2017
5,3,8.62,69,8,13,Albert JohnsonA. Johnson,miami-dolphins,0,2017
6,3,7.86,55,7,21,Robert BakerR. Baker,miami-dolphins,0,2017
7,17,9.45,293,31,34,Miami,miami-dolphins,0,2017
0,0,1,Donald LeeD. Lee,0,0.00,28,miami-dolphins,0,2017
1,"1,202",57,Miami,0,21.09,0,miami-dolphins,0,2017
2,"1,010",47,Opponents,0,21.49,49,miami-dolphins,0,2017
3,186,21,Charlie RogersC. Rogers,0,8.86,73,miami-dolphins,13,2017
4,100,8,Sam SimmonsS. Simmons,0,12.50,48,miami-dolphins,6,2017
5,2,1,Terrell BuckleyT. Buckley,0,2.00,32,miami-dolphins,0,2017
6,0,1,Kendall NewsonK. Newson,0,0.00,2,miami-dolphins,0,2017
0,22.00,22,1,Will PooleW. Poole,0,0,miami-dolphins,22,2017
1,23.71,"1,660",70,Miami,0,0,miami-dolphins,95t,2017
2,21.84,"1,114",51,Opponents,0,1,miami-dolphins,104t,2017
3,10.79,464,43,Wes WelkerW. Welker,12,1,miami-dolphins,71,2017
4,9.89,89,9,Lamont BrightfulL. Brightful,2,0,miami-dolphins,36,2017
5,0.00,11,0,Bryan GilmoreB. Gilmore,0,0,miami-dolphins,11,2017
6,10.85,564,52,Miami,14,0,miami-dolphins,71,2017
7,5.73,258,45,Opponents,19,0,miami-dolphins,24,2017
0,68,Miami,0,5,"1,501",0,miami-dolphins,22.07,2017
1,56,Opponents,0,46,"1,425",0,miami-dolphins,25.45,2017
2,43,Wes WelkerW. Welker,0,65,390,0,miami-dolphins,9.07,2017
3,43,Miami,0,47,390,23,miami-dolphins,9.07,2017
4,46,Opponents,0,47,227,23,miami-dolphins,4.93,2017
5,88,Donnie JonesD. Jones,0,37,"3,827",14,miami-dolphins,43.5,2017
6,39.3,0,31,7,46,63,miami-dolphins,227,2017
0,2,21.19,"1,102",52,46,Miami,miami-dolphins,0,2017
1,0,24.52,981,40,51,Opponents,miami-dolphins,0,2017
2,29,9.22,378,41,47,Wes WelkerW. Welker,miami-dolphins,0,2017
3,29,9.22,378,41,47,Miami,miami-dolphins,0,2017
4,10,7.49,367,49,28,Opponents,miami-dolphins,0,2017
5,64,42.8,"3,640",85,10,Donnie JonesD. Jones,miami-dolphins,28,2017
0,4.00,4,1,Reagan Maui'aR. Maui'a,1,0,miami-dolphins,4,2017
1,0.00,3,0,Greg CamarilloG. Camarillo,0,0,miami-dolphins,3,2017
2,1.50,3,2,Marty BookerM. Booker,0,0,miami-dolphins,3,2017
3,0.00,0,1,Steve FifitaS. Fifita,0,0,miami-dolphins,0,2017
4,0.00,0,0,Rob NinkovichR. Ninkovich,1,0,miami-dolphins,0,2017
5,0.00,0,1,Justin PeelleJ. Peelle,0,0,miami-dolphins,0,2017
6,19.90,"1,552",78,Miami,2,0,miami-dolphins,52,2017
7,25.84,"1,292",50,Opponents,0,0,miami-dolphins,98t,2017
8,9.58,230,24,Ted Ginn Jr.T. Ginn,15,2,miami-dolphins,87t,2017
9,9.58,230,24,Miami,15,1,miami-dolphins,87t,2017
10,9.92,387,39,Opponents,7,1,miami-dolphins,49,2017
11,43.2,"3,327",77,Brandon FieldsB. Fields,61,0,miami-dolphins,6,2017
12,387,39,36.6,0,--,10,miami-dolphins,Miami,2017
0,14.00,14,1,Ikechuku NdukweI. Ndukwe,0,0,miami-dolphins,14,2017
1,0.00,0,1,Nathan JonesN. Jones,0,0,miami-dolphins,0,2017
2,0.00,0,1,Anthony FasanoA. Fasano,0,0,miami-dolphins,0,2017
3,20.22,"1,213",60,Miami,0,0,miami-dolphins,60,2017
4,24.34,"1,655",68,Opponents,0,0,miami-dolphins,95,2017
5,11.00,231,21,Davone BessD. Bess,10,0,miami-dolphins,27,2017
6,7.71,54,7,Ted Ginn Jr.T. Ginn,1,0,miami-dolphins,15,2017
7,10.18,285,28,Miami,11,0,miami-dolphins,27,2017
8,13.11,485,37,Opponents,15,0,miami-dolphins,93t,2017
9,43.9,"3,249",74,Brandon FieldsB. Fields,71,2,miami-dolphins,7,2017
0,0,12.00,36,3,18,Brian HartlineB. Hartline,miami-dolphins,0,2017
1,0,12.00,24,2,12,Lousaka PoliteL. Polite,miami-dolphins,0,2017
2,0,13.00,13,1,13,Joe BergerJ. Berger,miami-dolphins,0,2017
3,0,9.00,9,1,9,Reggie TorborR. Torbor,miami-dolphins,0,2017
4,1,0.00,0,0,0,Joey HaynosJ. Haynos,miami-dolphins,0,2017
5,1,23.19,"1,739",75,101t,Miami,miami-dolphins,2,2017
6,0,21.93,"1,557",71,87,Opponents,miami-dolphins,0,2017
7,13,7.46,209,28,22,Davone BessD. Bess,miami-dolphins,0,2017
8,0,5.60,28,5,12,Ted Ginn Jr.T. Ginn,miami-dolphins,0,2017
0,0,19,0,17.33,Marlon MooreM. Moore,52,miami-dolphins,2,2017
1,0,34,0,25.50,Lousaka PoliteL. Polite,51,miami-dolphins,2,2017
2,0,10,0,5.00,Brandon MarshallB. Marshall,10,miami-dolphins,0,2017
3,0,0,1,0.00,Miami,0,miami-dolphins,56,2017
4,0,46,1,21.41,Opponents,"1,199",miami-dolphins,53,2017
5,2,103t,0,24.58,Davone BessD. Bess,"1,303",miami-dolphins,25,2017
6,0,47,20,11.36,Clifton SmithC. Smith,284,miami-dolphins,2,2017
7,0,6,2,4.50,Jonathon AmayaJ. Amaya,9,miami-dolphins,1,2017
0,0,24.79,843,34,77,Edmond GatesE. Gates,miami-dolphins,0,2017
1,0,28.33,85,3,42,Steve SlatonS. Slaton,miami-dolphins,0,2017
2,0,14.00,14,1,14,Lex HilliardL. Hilliard,miami-dolphins,0,2017
3,0,0.00,0,1,0,Davone BessD. Bess,miami-dolphins,0,2017
4,0,24.15,942,39,77,Miami,miami-dolphins,0,2017
5,0,22.85,937,41,54,Opponents,miami-dolphins,0,2017
0,0,27.37,"1,040",38,96t,Marcus ThigpenM. Thigpen,miami-dolphins,1,2017
1,0,21.00,42,2,24,Jorvorskie LaneJ. Lane,miami-dolphins,0,2017
2,0,27.05,"1,082",40,96t,Miami,miami-dolphins,1,2017
3,0,24.80,868,35,98t,Opponents,miami-dolphins,1,2017
0,0,22.31,870,39,50,Marcus ThigpenM. Thigpen,miami-dolphins,0,2017
1,0,11.50,23,2,15,Charles ClayC. Clay,miami-dolphins,0,2017
2,0,0.00,0,1,0,Austin SpitlerA. Spitler,miami-dolphins,0,2017
3,0,21.26,893,42,50,Miami,miami-dolphins,0,2017
4,0,22.94,826,36,47,Opponents,miami-dolphins,0,2017
0,0,28.06,954,34,74,Jarvis LandryJ. Landry,miami-dolphins,0,2017
1,1,20.40,102,5,26,Damien WilliamsD. Williams,miami-dolphins,0,2017
2,0,13.00,13,1,13,Nate GarnerN. Garner,miami-dolphins,0,2017
3,0,13.00,13,1,13,Terrence FedeT. Fede,miami-dolphins,0,2017
4,1,0.00,0,0,0,Jason TrusnikJ. Trusnik,miami-dolphins,0,2017
5,2,26.39,"1,082",41,74,Miami,miami-dolphins,0,2017
6,0,26.89,"1,237",46,102t,Opponents,miami-dolphins,1,2017
0,0,21.76,457,21,37,Damien WilliamsD. Williams,miami-dolphins,0,2017
1,0,24.69,321,13,50,Jarvis LandryJ. Landry,miami-dolphins,0,2017
2,0,28.50,57,2,32,Raheem MostertR. Mostert,miami-dolphins,0,2017
3,0,27.00,54,2,29,LaMichael JamesL. James,miami-dolphins,0,2017
4,0,21.50,43,2,25,Reshad JonesR. Jones,miami-dolphins,0,2017
5,0,20.00,20,1,20,Jay AjayiJ. Ajayi,miami-dolphins,0,2017
6,0,6.00,6,1,6,Zach VigilZ. Vigil,miami-dolphins,0,2017
7,0,0.00,0,1,0,Kelvin SheppardK. Sheppard,miami-dolphins,0,2017
8,0,22.28,958,43,50,Miami,miami-dolphins,0,2017
9,0,22.09,508,23,41,Opponents,miami-dolphins,0,2017
0,0,23.11,439,19,45,Jakeem GrantJ. Grant,miami-dolphins,0,2017
1,0,30.54,397,13,96t,Kenyan DrakeK. Drake,miami-dolphins,1,2017
2,0,16.00,32,2,17,Damien WilliamsD. Williams,miami-dolphins,0,2017
3,0,11.00,11,1,11,MarQueis GrayM. Gray,miami-dolphins,0,2017
4,0,25.11,879,35,96t,Miami,miami-dolphins,1,2017
5,0,20.39,632,31,44,Opponents,miami-dolphins,0,2017
0,0,22.81,479,21,31,Jakeem GrantJ. Grant,miami-dolphins,0,2017
1,0,20.20,202,10,37,Senorise PerryS. Perry,miami-dolphins,0,2017
2,0,21.00,147,7,34,Kenyan DrakeK. Drake,miami-dolphins,0,2017
3,0,11.00,11,1,11,A.J. DerbyA. Derby,miami-dolphins,0,2017
4,0,-5.00,-5,1,-5,Jarvis LandryJ. Landry,miami-dolphins,0,2017
5,0,0.00,-7,0,-7,Damien WilliamsD. Williams,miami-dolphins,0,2017
6,0,20.68,827,40,37,Miami,miami-dolphins,0,2017
7,0,19.56,665,34,36,Opponents,miami-dolphins,0,2017
0,16,0,16.00,16,0,1,new-england-patriots,Troy BrownT. Brown,2017
1,9,0,7.50,15,0,2,new-england-patriots,Tedy BruschiT. Bruschi,2017
2,7,0,6.50,13,0,2,new-england-patriots,Bobby HamiltonB. Hamilton,2017
3,0,0,0.00,0,0,1,new-england-patriots,New England,2017
4,47,0,20.86,"1,335",0,64,new-england-patriots,Opponents,2017
5,87t,0,21.77,"1,350",1,62,new-england-patriots,Troy BrownT. Brown,2017
6,66t,19,12.92,504,1,39,new-england-patriots,Kevin FaulkK. Faulk,2017
7,35,3,9.67,58,0,6,new-england-patriots,New England,2017
8,66t,22,12.49,562,1,45,new-england-patriots,Opponents,2017
9,56,21,8.93,384,0,43,new-england-patriots,Lee JohnsonL. Johnson,2017
10,5,62,42.7,"3,798",31,89,new-england-patriots,1,2017
0,Marc EdwardsM. Edwards,0,19,0,1,15.00,new-england-patriots,23,2017
1,Troy BrownT. Brown,0,23,0,1,23.00,new-england-patriots,13,2017
2,Tedy BruschiT. Bruschi,0,13,0,1,13.00,new-england-patriots,10,2017
3,New England,0,10,0,59,10.00,new-england-patriots,"1,184",2017
4,Opponents,0,42,0,75,20.07,new-england-patriots,"1,658",2017
5,Troy BrownT. Brown,0,64,0,29,22.11,new-england-patriots,413,2017
6,Kevin FaulkK. Faulk,2,85t,15,4,14.24,new-england-patriots,27,2017
7,New England,0,10,0,33,6.75,new-england-patriots,440,2017
8,Opponents,2,85t,15,26,13.33,new-england-patriots,124,2017
9,Ken WalterK. Walter,0,26,17,49,4.77,new-england-patriots,"1,964",2017
10,0,24,2,58,38.1,40.1,new-england-patriots,17,2017
0,0,12,0,12.00,Tedy BruschiT. Bruschi,12,new-england-patriots,1,2017
1,0,11,0,11.00,Jarvis GreenJ. Green,11,new-england-patriots,1,2017
2,0,10,0,10.00,New England,10,new-england-patriots,75,2017
3,2,87t,0,23.61,Opponents,"1,771",new-england-patriots,73,2017
4,0,57,0,20.45,Troy BrownT. Brown,"1,493",new-england-patriots,24,2017
5,0,27,10,7.29,Kevin FaulkK. Faulk,175,new-england-patriots,8,2017
6,0,16,4,8.12,Deion BranchD. Branch,65,new-england-patriots,2,2017
7,0,40,0,29.00,New England,58,new-england-patriots,34,2017
8,0,40,14,8.76,Opponents,298,new-england-patriots,24,2017
0,14,0,11.00,22,0,2,new-england-patriots,Dan KleckoD. Klecko,2017
1,10,0,10.00,20,0,2,new-england-patriots,Tedy BruschiT. Bruschi,2017
2,9,0,9.00,9,0,1,new-england-patriots,New England,2017
3,92t,1,23.80,"1,428",1,60,new-england-patriots,Opponents,2017
4,75,0,21.08,"1,623",0,77,new-england-patriots,Troy BrownT. Brown,2017
5,23,13,10.10,293,0,29,new-england-patriots,Tyrone PooleT. Poole,2017
6,18,3,6.82,75,0,11,new-england-patriots,Kevin FaulkK. Faulk,2017
7,19,6,13.20,66,0,5,new-england-patriots,Deion BranchD. Branch,2017
8,11,1,6.50,26,0,4,new-england-patriots,Bethel JohnsonB. Johnson,2017
9,2,0,2.00,2,0,1,new-england-patriots,Dedric WardD. Ward,2017
0,16.00,16,1,David PattenD. Patten,0,0,new-england-patriots,16,2017
1,0.00,0,0,Dan KleckoD. Klecko,1,0,new-england-patriots,0,2017
2,23.25,"1,302",56,New England,1,0,new-england-patriots,93t,2017
3,23.29,"2,003",86,Opponents,0,1,new-england-patriots,98t,2017
4,6.65,133,20,Kevin FaulkK. Faulk,11,1,new-england-patriots,16,2017
5,6.92,83,12,Troy BrownT. Brown,3,0,new-england-patriots,23,2017
6,2.00,8,4,Bethel JohnsonB. Johnson,1,0,new-england-patriots,6,2017
7,3.00,6,2,Tyrone PooleT. Poole,0,0,new-england-patriots,6,2017
8,0.00,0,1,Randall GayR. Gay,0,0,new-england-patriots,0,2017
0,Mike CloudM. Cloud,0,21,0,1,15.50,new-england-patriots,15,2017
1,Tully Banta-CainT. Banta-Cain,0,15,0,1,15.00,new-england-patriots,14,2017
2,Benjamin WatsonB. Watson,0,14,0,1,14.00,new-england-patriots,1,2017
3,Larry IzzoL. Izzo,0,1,0,1,1.00,new-england-patriots,0,2017
4,Michael StoneM. Stone,0,0,0,1,0.00,new-england-patriots,0,2017
5,New England,0,0,0,70,0.00,new-england-patriots,"1,555",2017
6,Opponents,0,65,0,68,22.21,new-england-patriots,"1,487",2017
7,Tim DwightT. Dwight,0,46,0,32,21.87,new-england-patriots,273,2017
8,Troy BrownT. Brown,0,29,13,7,8.53,new-england-patriots,30,2017
9,Bethel JohnsonB. Johnson,0,7,5,1,4.29,new-england-patriots,11,2017
10,New England,0,11,0,40,11.00,new-england-patriots,314,2017
11,Opponents,0,29,18,42,7.85,new-england-patriots,405,2017
12,Josh MillerJ. Miller,0,76,14,76,9.64,new-england-patriots,"3,431",2017
0,26.78,"1,553",58,New England,0,0,new-england-patriots,93t,2017
1,22.75,"1,547",68,Opponents,0,1,new-england-patriots,70,2017
2,10.65,330,31,Kevin FaulkK. Faulk,5,0,new-england-patriots,43,2017
3,25.33,76,3,Chad JacksonC. Jackson,0,0,new-england-patriots,39,2017
4,8.00,16,2,Troy BrownT. Brown,9,0,new-england-patriots,12,2017
5,11.72,422,36,New England,14,0,new-england-patriots,43,2017
6,11.10,322,29,Opponents,15,0,new-england-patriots,81t,2017
0,1,Heath EvansH. Evans,0,27,13,0,new-england-patriots,13.00,2017
1,1,Mike VrabelM. Vrabel,0,13,3,0,new-england-patriots,3.00,2017
2,0,Pierre WoodsP. Woods,0,3,0,0,new-england-patriots,0.00,2017
3,0,David ThomasD. Thomas,0,0,0,1,new-england-patriots,0.00,2017
4,55,New England,0,0,"1,384",1,new-england-patriots,25.16,2017
5,92,Opponents,2,108t,"2,030",2,new-england-patriots,22.07,2017
6,25,Wes WelkerW. Welker,1,74t,249,0,new-england-patriots,9.96,2017
7,6,Troy BrownT. Brown,0,35,55,7,new-england-patriots,9.17,2017
8,2,Chad JacksonC. Jackson,0,28,7,2,new-england-patriots,3.50,2017
9,0,Kevin FaulkK. Faulk,0,6,0,0,new-england-patriots,0.00,2017
10,33,New England,0,0,311,9,new-england-patriots,9.42,2017
0,27,1,Stephen NealS. Neal,0,27.00,25,new-england-patriots,0,2017
1,26,1,Wes WelkerW. Welker,0,26.00,27,new-england-patriots,0,2017
2,"1,562",62,New England,0,25.19,26,new-england-patriots,0,2017
3,"1,672",75,Opponents,1,22.29,95t,new-england-patriots,0,2017
4,237,24,Wes WelkerW. Welker,2,9.88,92t,new-england-patriots,6,2017
5,132,10,Kevin FaulkK. Faulk,0,13.20,44,new-england-patriots,9,2017
6,2,2,Deltha O'NealD. O'Neal,0,1.00,24,new-england-patriots,1,2017
7,371,36,New England,0,10.31,2,new-england-patriots,16,2017
0,Kevin FaulkK. Faulk,0,32,0,6,21.91,new-england-patriots,144,2017
1,Brandon TateB. Tate,0,32,0,4,24.00,new-england-patriots,106,2017
2,Darius ButlerD. Butler,0,34,0,5,26.50,new-england-patriots,104,2017
3,Wes WelkerW. Welker,0,26,0,2,20.80,new-england-patriots,45,2017
4,Isaiah StanbackI. Stanback,0,27,0,1,22.50,new-england-patriots,22,2017
5,Daniel ConnollyD. Connolly,0,22,0,1,22.00,new-england-patriots,16,2017
6,New England,0,16,0,54,16.00,new-england-patriots,"1,226",2017
7,Opponents,0,52,0,70,22.70,new-england-patriots,"1,705",2017
8,Wes WelkerW. Welker,0,51,0,27,24.36,new-england-patriots,338,2017
9,Julian EdelmanJ. Edelman,0,69,16,6,12.52,new-england-patriots,63,2017
10,Kevin FaulkK. Faulk,0,35,1,5,10.50,new-england-patriots,31,2017
0,Alge CrumplerA. Crumpler,0,23,0,5,13.20,new-england-patriots,18,2017
1,BenJarvus Green-EllisB. Green-Ellis,0,7,1,1,3.60,new-england-patriots,0,2017
2,Dane FletcherD. Fletcher,0,0,0,1,0.00,new-england-patriots,0,2017
3,New England,0,0,0,56,0.00,new-england-patriots,"1,231",2017
4,Opponents,2,103t,1,81,21.98,new-england-patriots,"1,826",2017
5,Julian EdelmanJ. Edelman,1,95t,0,21,22.54,new-england-patriots,321,2017
6,Wes WelkerW. Welker,1,94t,6,5,15.29,new-england-patriots,36,2017
7,Brandon TateB. Tate,0,22,7,1,7.20,new-england-patriots,4,2017
0,0,21.85,437,20,37,Danny WoodheadD. Woodhead,new-england-patriots,0,2017
1,0,23.67,284,12,37,Julian EdelmanJ. Edelman,new-england-patriots,0,2017
2,0,21.71,152,7,32,Stevan RidleyS. Ridley,new-england-patriots,0,2017
3,0,17.00,68,4,22,Matt SlaterM. Slater,new-england-patriots,0,2017
4,0,24.00,24,1,24,Devin McCourtyD. McCourty,new-england-patriots,0,2017
5,0,11.00,11,1,11,Rob GronkowskiR. Gronkowski,new-england-patriots,0,2017
6,0,10.00,10,1,10,Rob NinkovichR. Ninkovich,new-england-patriots,0,2017
7,0,21.43,986,46,37,New England,new-england-patriots,0,2017
8,0,21.57,"1,294",60,88,Opponents,new-england-patriots,0,2017
0,0,24.22,654,27,104t,Devin McCourtyD. McCourty,new-england-patriots,1,2017
1,0,21.50,43,2,23,Danny WoodheadD. Woodhead,new-england-patriots,0,2017
2,0,19.50,39,2,20,Matt SlaterM. Slater,new-england-patriots,0,2017
3,0,12.67,38,3,32,Julian EdelmanJ. Edelman,new-england-patriots,0,2017
4,0,11.00,33,3,17,Wes WelkerW. Welker,new-england-patriots,0,2017
5,0,0.00,0,1,0,Rob GronkowskiR. Gronkowski,new-england-patriots,0,2017
6,0,21.24,807,38,104t,New England,new-england-patriots,1,2017
7,0,20.48,"1,229",60,62,Opponents,new-england-patriots,0,2017
0,0,29.06,494,17,83,LeGarrette BlountL. Blount,new-england-patriots,0,2017
1,0,23.78,214,9,41,Josh BoyceJ. Boyce,new-england-patriots,0,2017
2,0,18.86,132,7,27,Devin McCourtyD. McCourty,new-england-patriots,0,2017
3,0,22.00,66,3,24,Shane VereenS. Vereen,new-england-patriots,0,2017
4,0,19.00,19,1,19,Leon WashingtonL. Washington,new-england-patriots,0,2017
5,0,5.00,10,2,10,Matt SlaterM. Slater,new-england-patriots,0,2017
6,0,23.97,935,39,83,New England,new-england-patriots,0,2017
7,0,20.75,664,32,50,Opponents,new-england-patriots,0,2017
0,0,24.10,482,20,81,Danny AmendolaD. Amendola,new-england-patriots,0,2017
1,0,20.00,140,7,30,Patrick ChungP. Chung,new-england-patriots,0,2017
2,0,22.00,44,2,26,Matt SlaterM. Slater,new-england-patriots,0,2017
3,0,27.00,27,1,27,Devin McCourtyD. McCourty,new-england-patriots,0,2017
4,0,0.00,0,1,0,Brandon LaFellB. LaFell,new-england-patriots,0,2017
5,0,22.35,693,31,81,New England,new-england-patriots,0,2017
6,0,21.22,955,45,62,Opponents,new-england-patriots,0,2017
0,0,25.70,257,10,75,Keshawn MartinK. Martin,new-england-patriots,0,2017
1,0,21.50,172,8,29,Danny AmendolaD. Amendola,new-england-patriots,0,2017
2,0,6.00,18,3,10,Michael WilliamsM. Williams,new-england-patriots,0,2017
3,0,17.00,17,1,17,Patrick ChungP. Chung,new-england-patriots,0,2017
4,0,5.00,5,1,5,Rob GronkowskiR. Gronkowski,new-england-patriots,0,2017
5,0,0.00,0,2,0,Devin McCourtyD. McCourty,new-england-patriots,0,2017
6,0,18.76,469,25,75,New England,new-england-patriots,0,2017
7,0,18.14,526,29,50,Opponents,new-england-patriots,0,2017
0,0,22.50,180,8,43,Cyrus JonesC. Jones,new-england-patriots,0,2017
1,0,25.80,129,5,73,Danny AmendolaD. Amendola,new-england-patriots,0,2017
2,0,17.33,52,3,19,Matt SlaterM. Slater,new-england-patriots,0,2017
3,0,14.67,44,3,19,Julian EdelmanJ. Edelman,new-england-patriots,0,2017
4,0,17.50,35,2,23,Dion LewisD. Lewis,new-england-patriots,0,2017
5,0,11.67,35,3,15,James DevelinJ. Develin,new-england-patriots,0,2017
6,0,30.00,30,1,30,D.J. FosterD. Foster,new-england-patriots,0,2017
7,0,14.00,28,2,18,James WhiteJ. White,new-england-patriots,0,2017
8,0,4.50,9,2,9,Devin McCourtyD. McCourty,new-england-patriots,0,2017
9,0,18.69,542,29,73,New England,new-england-patriots,0,2017
10,0,19.27,771,40,35,Opponents,new-england-patriots,0,2017
0,0,24.78,570,23,103t,Dion LewisD. Lewis,new-england-patriots,1,2017
1,0,17.00,17,1,17,Rex BurkheadR. Burkhead,new-england-patriots,0,2017
2,0,16.00,16,1,16,Danny AmendolaD. Amendola,new-england-patriots,0,2017
3,0,7.50,15,2,12,Devin McCourtyD. McCourty,new-england-patriots,0,2017
4,0,4.00,4,1,4,Patrick ChungP. Chung,new-england-patriots,0,2017
5,0,22.21,622,28,103t,New England,new-england-patriots,1,2017
6,0,18.88,"1,095",58,34,Opponents,new-england-patriots,0,2017
0,2,Damon DunnD. Dunn,0,22,35,0,new-york-jets,17.50,2017
1,1,Fred BaxterF. Baxter,0,21,15,0,new-york-jets,15.00,2017
2,1,Jermaine WigginsJ. Wiggins,0,15,12,0,new-york-jets,12.00,2017
3,1,Jerald SowellJ. Sowell,0,12,9,0,new-york-jets,9.00,2017
4,2,Anthony BechtA. Becht,0,9,0,0,new-york-jets,0.00,2017
5,1,Tony ScottT. Scott,0,0,0,0,new-york-jets,0.00,2017
6,74,NY Jets,0,0,"1,552",0,new-york-jets,20.97,2017
7,62,Opponents,1,97t,"1,424",0,new-york-jets,22.97,2017
8,27,Dedric WardD. Ward,0,47,214,0,new-york-jets,7.93,2017
9,10,Leon JohnsonL. Johnson,0,19,62,19,new-york-jets,6.20,2017
10,1,Damon DunnD. Dunn,0,16,0,0,new-york-jets,0.00,2017
11,38,NY Jets,0,0,276,0,new-york-jets,7.26,2017
12,42,Opponents,0,19,660,19,new-york-jets,15.71,2017
0,7,1,James DearthJ. Dearth,0,7.00,23,new-york-jets,0,2017
1,6,1,Jerald SowellJ. Sowell,0,6.00,7,new-york-jets,0,2017
2,0,1,Jamie HendersonJ. Henderson,0,0.00,6,new-york-jets,0,2017
3,"1,196",56,NY Jets,0,21.36,0,new-york-jets,0,2017
4,"1,355",63,Opponents,0,21.51,50,new-york-jets,0,2017
5,122,13,Craig YeastC. Yeast,0,9.38,65,new-york-jets,6,2017
6,113,13,Chad MortonC. Morton,0,8.69,35,new-york-jets,7,2017
7,82,6,Santana MossS. Moss,0,13.67,33,new-york-jets,0,2017
8,6,2,Aaron GlennA. Glenn,0,3.00,23,new-york-jets,1,2017
0,0,13.00,13,1,13,Kevin SwayneK. Swayne,new-york-jets,0,2017
1,0,11.00,11,1,11,Dennis O'SullivanD. O'Sullivan,new-york-jets,0,2017
2,0,0.00,11,0,11,Jon McGrawJ. McGraw,new-york-jets,0,2017
3,0,9.00,9,1,9,James DearthJ. Dearth,new-york-jets,0,2017
4,0,5.00,5,1,5,James ReedJ. Reed,new-york-jets,0,2017
5,0,0.00,0,1,0,Kelvin MosesK. Moses,new-york-jets,0,2017
6,0,23.79,"1,713",72,98t,NY Jets,new-york-jets,2,2017
7,0,21.27,"1,574",74,87t,Opponents,new-york-jets,1,2017
8,8,16.52,413,25,63t,Santana MossS. Moss,new-york-jets,2,2017
9,4,12.75,51,4,21,Chad MortonC. Morton,new-york-jets,0,2017
10,12,16.00,464,29,63t,NY Jets,new-york-jets,2,2017
11,5,6.15,203,33,16,Opponents,new-york-jets,0,2017
0,48,3,Kevin SwayneK. Swayne,0,16.00,29,new-york-jets,0,2017
1,27,1,B.J. AskewB. Askew,0,27.00,23,new-york-jets,0,2017
2,8,1,J.P. MachadoJ. Machado,0,8.00,27,new-york-jets,0,2017
3,6,2,Chris BakerC. Baker,0,3.00,8,new-york-jets,1,2017
4,"1,461",60,NY Jets,0,24.35,4,new-york-jets,1,2017
5,"1,496",71,Opponents,1,21.07,90t,new-york-jets,0,2017
6,332,30,Santana MossS. Moss,0,11.07,63,new-york-jets,18,2017
7,332,30,NY Jets,0,11.07,47,new-york-jets,18,2017
8,322,22,Opponents,0,14.64,47,new-york-jets,26,2017
9,"2,655",71,Dan StryzinskiD. Stryzinski,1,37.4,78t,new-york-jets,55,2017
0,"1,038",46,NY Jets,0,22.57,13,new-york-jets,0,2017
1,"1,557",72,Opponents,1,21.62,94t,new-york-jets,0,2017
2,225,27,Santana MossS. Moss,1,8.33,87t,new-york-jets,7,2017
3,88,14,Justin McCareinsJ. McCareins,0,6.29,46,new-york-jets,6,2017
4,313,41,NY Jets,0,7.63,26,new-york-jets,13,2017
5,221,34,Opponents,0,6.50,46,new-york-jets,14,2017
0,0,11,0,5.50,Justin McCareinsJ. McCareins,11,new-york-jets,0,2017
1,0,0,1,0.00,Luke LawtonL. Lawton,0,new-york-jets,1,2017
2,0,0,0,0.00,David BarrettD. Barrett,0,new-york-jets,1,2017
3,0,0,0,0.00,NY Jets,0,new-york-jets,71,2017
4,1,95t,1,24.34,Opponents,"1,728",new-york-jets,60,2017
5,0,50,0,20.83,Jerricho CotcheryJ. Cotchery,"1,250",new-york-jets,23,2017
6,0,18,7,7.91,Justin McCareinsJ. McCareins,182,new-york-jets,5,2017
7,0,12,4,5.60,Justin MillerJ. Miller,28,new-york-jets,6,2017
8,0,12,1,1.50,NY Jets,9,new-york-jets,34,2017
9,0,18,12,6.44,Opponents,219,new-york-jets,36,2017
0,1,Brad SmithB. Smith,0,11,4,0,new-york-jets,4.00,2017
1,1,Kerry RhodesK. Rhodes,0,4,0,0,new-york-jets,0.00,2017
2,1,Laveranues ColesL. Coles,0,0,0,0,new-york-jets,0.00,2017
3,60,NY Jets,0,0,"1,445",0,new-york-jets,24.08,2017
4,69,Opponents,2,103t,"1,462",0,new-york-jets,21.19,2017
5,14,Tim DwightT. Dwight,0,39,146,0,new-york-jets,10.43,2017
6,13,Leon WashingtonL. Washington,0,18,97,9,new-york-jets,7.46,2017
7,1,Hank PoteatH. Poteat,0,38,0,6,new-york-jets,0.00,2017
8,1,Brad KassellB. Kassell,0,0,0,0,new-york-jets,0.00,2017
9,0,Jerricho CotcheryJ. Cotchery,0,0,0,0,new-york-jets,0.00,2017
0,0,28,0,15.50,David BowensD. Bowens,31,new-york-jets,3,2017
1,0,17,0,10.00,Chris BakerC. Baker,30,new-york-jets,3,2017
2,0,10,0,6.00,Sean RyanS. Ryan,18,new-york-jets,1,2017
3,0,18,0,18.00,Justin McCareinsJ. McCareins,18,new-york-jets,2,2017
4,0,12,0,7.50,Matt ChathamM. Chatham,15,new-york-jets,1,2017
5,0,5,0,5.00,NY Jets,5,new-york-jets,74,2017
6,3,98t,0,22.91,Opponents,"1,695",new-york-jets,51,2017
7,1,108t,0,24.90,Leon WashingtonL. Washington,"1,270",new-york-jets,20,2017
8,0,33,14,9.15,NY Jets,183,new-york-jets,20,2017
9,0,33,14,9.15,Opponents,183,new-york-jets,32,2017
10,0,32,13,8.38,Ben GrahamB. Graham,268,new-york-jets,66,2017
11,23,7,62,43.3,1,"2,855",new-york-jets,36.6,2017
0,9.00,9,1,Robert TurnerR. Turner,0,0,new-york-jets,9,2017
1,9.00,9,1,Dustin KellerD. Keller,0,0,new-york-jets,9,2017
2,6.00,6,1,Bubba FranksB. Franks,0,0,new-york-jets,6,2017
3,23.07,"1,407",61,NY Jets,0,0,new-york-jets,94,2017
4,21.48,"1,568",73,Opponents,0,1,new-york-jets,44,2017
5,10.45,303,29,Leon WashingtonL. Washington,9,0,new-york-jets,37,2017
6,10.45,303,29,NY Jets,9,0,new-york-jets,37,2017
7,9.93,288,29,Opponents,13,0,new-york-jets,56,2017
8,42.8,"1,884",44,Reggie HodgesR. Hodges,61,0,new-york-jets,5,2017
9,187,20,35.5,1,--,14,new-york-jets,Ben GrahamB. Graham,2017
0,5,Justin MillerJ. Miller,0,44,115,0,new-york-jets,23.00,2017
1,3,David ClowneyD. Clowney,0,27,81,0,new-york-jets,27.00,2017
2,1,Jerricho CotcheryJ. Cotchery,0,37,17,0,new-york-jets,17.00,2017
3,1,Danny WoodheadD. Woodhead,0,17,16,0,new-york-jets,16.00,2017
4,1,Eric SmithE. Smith,0,16,9,0,new-york-jets,9.00,2017
5,1,Jim LeonhardJ. Leonhard,0,9,7,0,new-york-jets,7.00,2017
6,1,Robert TurnerR. Turner,0,7,6,0,new-york-jets,6.00,2017
7,44,NY Jets,0,6,"1,074",0,new-york-jets,24.41,2017
8,70,Opponents,1,106t,"1,685",0,new-york-jets,24.07,2017
9,23,Jerricho CotcheryJ. Cotchery,2,101t,236,0,new-york-jets,10.26,2017
10,21,Jim LeonhardJ. Leonhard,0,31,173,12,new-york-jets,8.24,2017
11,2,Brad SmithB. Smith,0,37,27,13,new-york-jets,13.50,2017
0,Dwight LoweryD. Lowery,0,18,0,2,11.67,new-york-jets,26,2017
1,Kyle WilsonK. Wilson,0,14,0,2,13.00,new-york-jets,22,2017
2,Robert TurnerR. Turner,0,15,0,1,11.00,new-york-jets,11,2017
3,Matthew MulliganM. Mulligan,0,11,0,1,11.00,new-york-jets,8,2017
4,Antonio CromartieA. Cromartie,0,8,0,1,8.00,new-york-jets,-6,2017
5,NY Jets,0,-6,0,63,-6.00,new-york-jets,"1,588",2017
6,Opponents,2,97t,0,73,25.21,new-york-jets,"1,428",2017
7,Jim LeonhardJ. Leonhard,0,44,0,21,19.56,new-york-jets,238,2017
8,Kyle WilsonK. Wilson,0,32,19,15,11.33,new-york-jets,111,2017
9,Jerricho CotcheryJ. Cotchery,0,18,2,8,7.40,new-york-jets,66,2017
0,0,31.56,"1,073",34,107t,Joe McKnightJ. McKnight,new-york-jets,1,2017
1,0,24.53,417,17,46,Antonio CromartieA. Cromartie,new-york-jets,0,2017
2,0,20.00,60,3,29,Josh BakerJ. Baker,new-york-jets,0,2017
3,0,14.50,29,2,18,John ConnerJ. Conner,new-york-jets,0,2017
4,0,20.00,20,1,20,Matthew MulliganM. Mulligan,new-york-jets,0,2017
5,0,17.00,17,1,17,Kyle WilsonK. Wilson,new-york-jets,0,2017
6,0,15.00,15,1,15,Jeremy KerleyJ. Kerley,new-york-jets,0,2017
7,0,3.00,3,1,3,Darrelle RevisD. Revis,new-york-jets,0,2017
8,0,0.00,0,1,0,Garrett McIntyreG. McIntyre,new-york-jets,0,2017
9,0,-1.00,-1,1,-1,Patrick TurnerP. Turner,new-york-jets,0,2017
10,0,26.34,"1,633",62,107t,NY Jets,new-york-jets,1,2017
11,0,21.16,"1,291",61,67,Opponents,new-york-jets,0,2017
0,0,27.49,"1,072",39,100t,Joe McKnightJ. McKnight,new-york-jets,1,2017
1,0,28.80,144,5,47,Edmond GatesE. Gates,new-york-jets,0,2017
2,0,21.00,42,2,22,Antonio CromartieA. Cromartie,new-york-jets,0,2017
3,0,19.00,19,1,19,Eric SmithE. Smith,new-york-jets,0,2017
4,0,14.00,14,1,14,Konrad ReulandK. Reuland,new-york-jets,0,2017
5,0,9.00,9,1,9,Kyle WilsonK. Wilson,new-york-jets,0,2017
6,0,8.00,8,1,8,Nick BelloreN. Bellore,new-york-jets,0,2017
7,0,26.16,"1,308",50,100t,NY Jets,new-york-jets,1,2017
8,0,21.93,"1,184",54,104t,Opponents,new-york-jets,1,2017
0,0,24.50,490,20,42,Joshua CribbsJ. Cribbs,new-york-jets,0,2017
1,0,23.22,209,9,36,Edmond GatesE. Gates,new-york-jets,0,2017
2,0,27.33,164,6,41,Antonio CromartieA. Cromartie,new-york-jets,0,2017
3,0,25.00,75,3,27,Darius ReynaudD. Reynaud,new-york-jets,0,2017
4,0,22.00,22,1,22,Alexander GreenA. Green,new-york-jets,0,2017
5,0,10.00,20,2,10,Leger DouzableL. Douzable,new-york-jets,0,2017
6,0,19.00,19,1,19,Jeremy KerleyJ. Kerley,new-york-jets,0,2017
7,0,15.00,15,1,15,Tommy BohanonT. Bohanon,new-york-jets,0,2017
8,0,7.00,7,1,7,Troy DavisT. Davis,new-york-jets,0,2017
9,0,0.00,0,1,0,Nick BelloreN. Bellore,new-york-jets,0,2017
10,0,22.69,"1,021",45,42,NY Jets,new-york-jets,0,2017
11,0,22.33,938,42,71,Opponents,new-york-jets,0,2017
0,0,24.75,495,20,65,Percy HarvinP. Harvin,new-york-jets,0,2017
1,0,21.46,279,13,44,Saalim HakimS. Hakim,new-york-jets,0,2017
2,0,29.12,233,8,62,Walter PowellW. Powell,new-york-jets,0,2017
3,0,18.83,113,6,23,T.J. GrahamT. Graham,new-york-jets,0,2017
4,0,51.00,102,2,87,Chris OwusuC. Owusu,new-york-jets,0,2017
5,0,17.00,34,2,25,Bilal PowellB. Powell,new-york-jets,0,2017
6,0,24.00,24,1,24,Chris PantaleC. Pantale,new-york-jets,0,2017
7,0,21.00,21,1,21,Jace AmaroJ. Amaro,new-york-jets,0,2017
8,0,6.00,12,2,7,John ConnerJ. Conner,new-york-jets,0,2017
9,0,12.00,12,1,12,Jeremy KerleyJ. Kerley,new-york-jets,0,2017
10,0,9.00,9,1,9,Zach SudfeldZ. Sudfeld,new-york-jets,0,2017
11,0,8.00,8,1,8,Greg SalasG. Salas,new-york-jets,0,2017
12,0,23.14,"1,342",58,87,NY Jets,new-york-jets,0,2017
13,0,21.76,"1,110",51,78,Opponents,new-york-jets,0,2017
0,0,25.13,377,15,54,Antonio CromartieA. Cromartie,new-york-jets,0,2017
1,0,20.40,204,10,31,Zac StacyZ. Stacy,new-york-jets,0,2017
2,0,29.00,58,2,30,Chris OwusuC. Owusu,new-york-jets,0,2017
3,0,12.50,50,4,17,Jeff CumberlandJ. Cumberland,new-york-jets,0,2017
4,0,12.00,24,2,13,Kellen DavisK. Davis,new-york-jets,0,2017
5,0,21.00,21,1,21,Devin SmithD. Smith,new-york-jets,0,2017
6,0,20.00,20,1,20,Bilal PowellB. Powell,new-york-jets,0,2017
7,0,17.00,17,1,17,Kenbrell ThompkinsK. Thompkins,new-york-jets,0,2017
8,0,0.00,0,1,0,Trevor ReillyT. Reilly,new-york-jets,0,2017
9,0,20.84,771,37,54,NY Jets,new-york-jets,0,2017
10,0,23.84,"1,168",49,43,Opponents,new-york-jets,0,2017
0,0,24.92,324,13,65,Jalin MarshallJ. Marshall,new-york-jets,0,2017
1,0,19.00,228,12,28,Nick MarshallN. Marshall,new-york-jets,0,2017
2,0,20.36,224,11,28,Jeremy RossJ. Ross,new-york-jets,0,2017
3,0,19.20,96,5,23,C.J. SpillerC. Spiller,new-york-jets,0,2017
4,0,54.00,54,1,54,Quincy EnunwaQ. Enunwa,new-york-jets,0,2017
5,0,15.00,15,1,15,Julian HowsareJ. Howsare,new-york-jets,0,2017
6,0,21.88,941,43,65,NY Jets,new-york-jets,0,2017
7,0,22.93,665,29,96t,Opponents,new-york-jets,1,2017
0,0,20.31,325,16,32,JoJo NatsonJ. Natson,new-york-jets,0,2017
1,0,19.22,173,9,32,ArDarius StewartA. Stewart,new-york-jets,0,2017
2,0,28.33,85,3,40,Khalif RaymondK. Raymond,new-york-jets,0,2017
3,0,20.75,83,4,24,Elijah McGuireE. McGuire,new-york-jets,0,2017
4,0,10.00,10,1,10,David BassD. Bass,new-york-jets,0,2017
5,0,7.00,7,1,7,Jordan JenkinsJ. Jenkins,new-york-jets,0,2017
6,0,20.09,683,34,40,NY Jets,new-york-jets,0,2017
7,0,19.96,459,23,31,Opponents,new-york-jets,0,2017
0,0,7,0,7.00,Cornell BrownC. Brown,7,baltimore-ravens,1,2017
1,0,0,0,0.00,Baltimore,0,baltimore-ravens,45,2017
2,0,41,0,22.33,Opponents,"1,005",baltimore-ravens,73,2017
3,0,52,0,21.34,Jermaine LewisJ. Lewis,"1,558",baltimore-ravens,36,2017
4,2,89t,9,16.06,Duane StarksD. Starks,578,baltimore-ravens,9,2017
5,0,47,1,15.00,Baltimore,135,baltimore-ravens,45,2017
6,2,89t,10,15.84,Opponents,713,baltimore-ravens,41,2017
7,0,31,23,9.32,Kyle RichardsonK. Richardson,382,baltimore-ravens,86,2017
0,57,Baltimore,0,11,"1,347",0,baltimore-ravens,23.63,2017
1,64,Opponents,0,76,"1,393",0,baltimore-ravens,21.77,2017
2,42,Jermaine LewisJ. Lewis,0,51,519,0,baltimore-ravens,12.36,2017
3,5,Chris McAlisterC. McAlister,0,62,44,9,baltimore-ravens,8.80,2017
4,1,Carnell LakeC. Lake,0,24,0,1,baltimore-ravens,0.00,2017
5,48,Baltimore,0,0,563,0,baltimore-ravens,11.73,2017
6,33,Opponents,0,62,183,10,baltimore-ravens,5.55,2017
0,21,2,Ron JohnsonR. Johnson,0,10.50,63,baltimore-ravens,0,2017
1,14,1,Sam GashS. Gash,0,14.00,11,baltimore-ravens,0,2017
2,0,0,Adalius ThomasA. Thomas,0,0.00,14,baltimore-ravens,1,2017
3,0,0,Alan RicardA. Ricard,0,0.00,0,baltimore-ravens,1,2017
4,"1,433",68,Baltimore,0,21.07,0,baltimore-ravens,2,2017
5,"1,512",67,Opponents,0,22.57,64,baltimore-ravens,0,2017
6,241,15,Lamont BrightfulL. Brightful,1,16.07,94t,baltimore-ravens,10,2017
7,122,17,Chris McAlisterC. McAlister,1,7.18,95t,baltimore-ravens,4,2017
8,21,2,Jeff OgdenJ. Ogden,0,10.50,28,baltimore-ravens,0,2017
9,384,34,Baltimore,0,11.29,19,baltimore-ravens,14,2017
0,Musa SmithM. Smith,0,20,0,2,20.00,baltimore-ravens,17,2017
1,Raymond WallsR. Walls,0,15,0,1,8.50,baltimore-ravens,0,2017
2,Baltimore,0,0,0,57,0.00,baltimore-ravens,"1,222",2017
3,Opponents,0,75,0,70,21.44,baltimore-ravens,"1,495",2017
4,Lamont BrightfulL. Brightful,1,97t,0,45,21.36,baltimore-ravens,351,2017
5,Ed ReedE. Reed,0,44,20,5,7.80,baltimore-ravens,33,2017
6,Dedric WardD. Ward,0,19,3,3,6.60,baltimore-ravens,26,2017
7,Baltimore,0,16,0,53,8.67,baltimore-ravens,410,2017
0,10.45,575,55,B.J. SamsB. Sams,12,2,baltimore-ravens,78t,2017
1,8.20,41,5,Deion SandersD. Sanders,0,2,baltimore-ravens,23,2017
2,10.27,616,60,Baltimore,12,0,baltimore-ravens,78t,2017
3,7.81,281,36,Opponents,21,2,baltimore-ravens,18,2017
4,40.4,"2,948",73,Dave ZastudilD. Zastudil,61,0,baltimore-ravens,12,2017
0,60,Baltimore,0,10,"1,289",1,baltimore-ravens,21.48,2017
1,62,Opponents,0,87,"1,352",2,baltimore-ravens,21.81,2017
2,33,B.J. SamsB. Sams,0,59,401,0,baltimore-ravens,12.15,2017
3,6,Mark ClaytonM. Clayton,0,51,30,10,baltimore-ravens,5.00,2017
4,0,Deion SandersD. Sanders,0,10,0,2,baltimore-ravens,0.00,2017
5,39,Baltimore,0,0,431,1,baltimore-ravens,11.05,2017
6,55,Opponents,0,51,481,13,baltimore-ravens,8.75,2017
0,0,14.00,14,1,14,Corey IvyC. Ivy,baltimore-ravens,0,2017
1,0,11.00,11,1,11,Quinn SypniewskiQ. Sypniewski,baltimore-ravens,0,2017
2,0,23.24,"1,046",45,72,Baltimore,baltimore-ravens,0,2017
3,0,21.81,"1,636",75,46,Opponents,baltimore-ravens,0,2017
4,4,10.59,307,29,65,B.J. SamsB. Sams,baltimore-ravens,0,2017
5,3,2.85,37,13,9,Cory RossC. Ross,baltimore-ravens,0,2017
6,0,3.50,7,2,7,Corey IvyC. Ivy,baltimore-ravens,0,2017
7,0,0.00,0,1,0,Evan OglesbyE. Oglesby,baltimore-ravens,0,2017
0,0.00,0,0,Quinn SypniewskiQ. Sypniewski,1,0,baltimore-ravens,0,2017
1,23.46,"1,525",65,Baltimore,1,0,baltimore-ravens,94t,2017
2,23.67,"1,444",61,Opponents,0,1,baltimore-ravens,50,2017
3,10.69,171,16,Yamon FigursY. Figurs,9,0,baltimore-ravens,75t,2017
4,9.40,94,10,Ed ReedE. Reed,3,1,baltimore-ravens,63t,2017
5,9.25,37,4,B.J. SamsB. Sams,0,1,baltimore-ravens,16,2017
6,7.20,36,5,Cory RossC. Ross,0,0,baltimore-ravens,15,2017
7,9.66,338,35,Baltimore,12,0,baltimore-ravens,75t,2017
0,0,13,0,13.00,Mark ClaytonM. Clayton,13,baltimore-ravens,1,2017
1,0,12,0,12.00,Lorenzo NealL. Neal,12,baltimore-ravens,1,2017
2,0,2,0,2.00,Edgar JonesE. Jones,2,baltimore-ravens,1,2017
3,0,0,0,0.00,Baltimore,0,baltimore-ravens,50,2017
4,0,39,0,20.14,Opponents,"1,007",baltimore-ravens,76,2017
5,2,100t,0,22.63,Jim LeonhardJ. Leonhard,"1,720",baltimore-ravens,20,2017
6,0,46,9,11.60,Yamon FigursY. Figurs,232,baltimore-ravens,23,2017
7,0,35,11,6.00,Ed ReedE. Reed,138,baltimore-ravens,1,2017
8,0,8,0,8.00,Baltimore,8,baltimore-ravens,44,2017
9,0,46,20,8.59,Opponents,378,baltimore-ravens,38,2017
0,53,0,31.44,283,0,9,baltimore-ravens,Le'Ron McClainL. McClain,2017
1,17,0,17.00,17,0,1,baltimore-ravens,Dwan EdwardsD. Edwards,2017
2,14,0,14.00,14,0,1,baltimore-ravens,Baltimore,2017
3,95t,0,26.22,"1,547",1,59,baltimore-ravens,Opponents,2017
4,53,0,20.32,"1,565",0,77,baltimore-ravens,Chris CarrC. Carr,2017
5,34,17,8.19,262,0,32,baltimore-ravens,Ed ReedE. Reed,2017
6,9,1,4.14,29,0,7,baltimore-ravens,Lardarius WebbL. Webb,2017
0,0,19.50,117,6,26,Josh WilsonJ. Wilson,baltimore-ravens,0,2017
1,0,16.00,48,3,20,Tom ZbikowskiT. Zbikowski,baltimore-ravens,0,2017
2,0,14.00,14,1,14,Chris CarrC. Carr,baltimore-ravens,0,2017
3,1,0.00,0,0,0,Haruki NakamuraH. Nakamura,baltimore-ravens,0,2017
4,1,24.67,"1,357",55,103t,Baltimore,baltimore-ravens,1,2017
5,0,25.97,987,38,64,Opponents,baltimore-ravens,0,2017
6,12,9.48,199,21,35,Lardarius WebbL. Webb,baltimore-ravens,0,2017
7,8,6.31,101,16,20,Tom ZbikowskiT. Zbikowski,baltimore-ravens,0,2017
0,0,29.67,534,18,77,David ReedD. Reed,baltimore-ravens,0,2017
1,0,23.22,209,9,30,Tom ZbikowskiT. Zbikowski,baltimore-ravens,0,2017
2,0,21.80,109,5,37,LaQuan WilliamsL. Williams,baltimore-ravens,0,2017
3,0,29.50,59,2,37,Lardarius WebbL. Webb,baltimore-ravens,0,2017
4,0,26.50,53,2,27,Bryan McCannB. McCann,baltimore-ravens,0,2017
5,0,14.50,29,2,15,Vonta LeachV. Leach,baltimore-ravens,0,2017
6,0,24.00,24,1,24,Torrey SmithT. Smith,baltimore-ravens,0,2017
7,0,20.00,20,1,20,Chris CarrC. Carr,baltimore-ravens,0,2017
8,0,8.00,8,1,8,Haruki NakamuraH. Nakamura,baltimore-ravens,0,2017
9,0,0.00,2,0,2,Bryan MattisonB. Mattison,baltimore-ravens,0,2017
10,0,0.00,0,1,0,Edgar JonesE. Jones,baltimore-ravens,0,2017
11,0,24.93,"1,047",42,77,Baltimore,baltimore-ravens,0,2017
12,0,29.17,"1,050",36,107t,Opponents,baltimore-ravens,1,2017
0,0,30.71,"1,167",38,108t,Jacoby JonesJ. Jones,baltimore-ravens,2,2017
1,0,25.93,389,15,49,Deonte ThompsonD. Thompson,baltimore-ravens,0,2017
2,0,18.67,56,3,20,Anthony AllenA. Allen,baltimore-ravens,0,2017
3,0,12.00,12,1,12,Gino GradkowskiG. Gradkowski,baltimore-ravens,0,2017
4,0,7.00,7,1,7,Corey GrahamC. Graham,baltimore-ravens,0,2017
5,0,5.00,5,1,5,LaQuan WilliamsL. Williams,baltimore-ravens,0,2017
6,0,0.00,0,1,0,Dennis PittaD. Pitta,baltimore-ravens,0,2017
7,0,27.27,"1,636",60,108t,Baltimore,baltimore-ravens,2,2017
8,0,23.22,859,37,42,Opponents,baltimore-ravens,0,2017
0,0,28.77,892,31,77t,Jacoby JonesJ. Jones,baltimore-ravens,1,2017
1,0,28.71,201,7,47,Deonte ThompsonD. Thompson,baltimore-ravens,0,2017
2,0,26.50,53,2,31,Shaun DraughnS. Draughn,baltimore-ravens,0,2017
3,0,8.50,17,2,9,Kyle JuszczykK. Juszczyk,baltimore-ravens,0,2017
4,0,0.00,0,1,0,Vonta LeachV. Leach,baltimore-ravens,0,2017
5,0,0.00,0,1,0,Ed DicksonE. Dickson,baltimore-ravens,0,2017
6,0,26.43,"1,163",44,77t,Baltimore,baltimore-ravens,1,2017
7,0,22.97,873,38,44,Opponents,baltimore-ravens,0,2017
0,0,30.56,978,32,108t,Jacoby JonesJ. Jones,baltimore-ravens,1,2017
1,0,20.50,41,2,23,Fitzgerald ToussaintF. Toussaint,baltimore-ravens,0,2017
2,0,14.00,28,2,16,Kyle JuszczykK. Juszczyk,baltimore-ravens,0,2017
3,0,15.00,15,1,15,Lorenzo TaliaferroL. Taliaferro,baltimore-ravens,0,2017
4,0,15.00,15,1,15,Crockett GillmoreC. Gillmore,baltimore-ravens,0,2017
5,0,28.34,"1,077",38,108t,Baltimore,baltimore-ravens,1,2017
6,0,23.12,601,26,36,Opponents,baltimore-ravens,0,2017
0,0,24.50,343,14,39,Kaelin ClayK. Clay,baltimore-ravens,0,2017
1,0,29.29,205,7,46,Jeremy RossJ. Ross,baltimore-ravens,0,2017
2,0,32.80,164,5,50,Raheem MostertR. Mostert,baltimore-ravens,0,2017
3,0,26.33,79,3,29,Michael CampanaroM. Campanaro,baltimore-ravens,0,2017
4,0,28.00,28,1,28,Terrence MageeT. Magee,baltimore-ravens,0,2017
5,0,15.00,15,1,15,Za'Darius SmithZ. Smith,baltimore-ravens,0,2017
6,0,10.00,10,1,10,Nick BoyleN. Boyle,baltimore-ravens,0,2017
7,0,7.00,7,1,7,Kyle JuszczykK. Juszczyk,baltimore-ravens,0,2017
8,0,6.00,6,1,6,Maxx WilliamsM. Williams,baltimore-ravens,0,2017
9,0,25.21,857,34,50,Baltimore,baltimore-ravens,0,2017
10,0,25.44,229,9,40,Opponents,baltimore-ravens,0,2017
0,0,24.53,466,19,60,Devin HesterD. Hester,baltimore-ravens,0,2017
1,0,23.14,162,7,34,Chris MooreC. Moore,baltimore-ravens,0,2017
2,0,8.00,8,1,8,Lardarius WebbL. Webb,baltimore-ravens,0,2017
3,0,0.00,0,1,0,Nick BoyleN. Boyle,baltimore-ravens,0,2017
4,0,22.71,636,28,60,Baltimore,baltimore-ravens,0,2017
5,0,20.70,559,27,45,Opponents,baltimore-ravens,0,2017
0,0,26.62,346,13,87,Chris MooreC. Moore,baltimore-ravens,0,2017
1,0,30.73,338,11,96t,Bobby RaineyB. Rainey,baltimore-ravens,1,2017
2,0,26.50,159,6,40,Michael CampanaroM. Campanaro,baltimore-ravens,0,2017
3,0,25.00,50,2,27,Alex CollinsA. Collins,baltimore-ravens,0,2017
4,0,21.50,43,2,29,Vince MayleV. Mayle,baltimore-ravens,0,2017
5,0,27.53,936,34,96t,Baltimore,baltimore-ravens,1,2017
6,0,18.64,615,33,37,Opponents,baltimore-ravens,0,2017
0,0,22.00,22,1,22,Rodney HeathR. Heath,cincinnati-bengals,0,2017
1,0,6.00,18,3,8,Steve BushS. Bush,cincinnati-bengals,0,2017
2,0,6.00,12,2,12,Nicolas LucheyN. Luchey,cincinnati-bengals,0,2017
3,1,0.00,0,0,0,Marco BattagliaM. Battaglia,cincinnati-bengals,0,2017
4,1,18.48,"1,423",77,50,Cincinnati,cincinnati-bengals,0,2017
5,0,21.38,898,42,37,Opponents,cincinnati-bengals,0,2017
6,14,6.62,225,34,27,Craig YeastC. Yeast,cincinnati-bengals,0,2017
7,1,17.57,123,7,82t,Peter WarrickP. Warrick,cincinnati-bengals,1,2017
8,0,9.00,9,1,9,Damon GriffinD. Griffin,cincinnati-bengals,0,2017
9,15,8.50,357,42,82t,Cincinnati,cincinnati-bengals,1,2017
0,0,8,0,7.50,Cincinnati,15,cincinnati-bengals,62,2017
1,0,64,0,19.84,Opponents,"1,230",cincinnati-bengals,46,2017
2,1,101t,0,25.15,T.J. HoushmandzadehT. Houshmandzadeh,"1,157",cincinnati-bengals,12,2017
3,0,86,5,13.58,Peter WarrickP. Warrick,163,cincinnati-bengals,18,2017
4,0,31,10,6.44,Danny FarmerD. Farmer,116,cincinnati-bengals,1,2017
5,0,11,1,11.00,Cincinnati,11,cincinnati-bengals,31,2017
6,0,86,16,9.35,Opponents,290,cincinnati-bengals,47,2017
0,0,17,0,13.33,Brock GutierrezB. Gutierrez,40,cincinnati-bengals,1,2017
1,0,11,0,11.00,Ron DugansR. Dugans,11,cincinnati-bengals,1,2017
2,0,6,0,6.00,Cincinnati,6,cincinnati-bengals,85,2017
3,1,94t,0,22.41,Opponents,"1,905",cincinnati-bengals,57,2017
4,1,99t,0,20.89,T.J. HoushmandzadehT. Houshmandzadeh,"1,191",cincinnati-bengals,24,2017
5,0,34,4,4.88,Peter WarrickP. Warrick,117,cincinnati-bengals,4,2017
6,0,10,0,3.50,Danny FarmerD. Farmer,14,cincinnati-bengals,0,2017
7,0,0,4,0.00,Jeff BurrisJ. Burris,0,cincinnati-bengals,0,2017
8,0,0,1,0.00,Cincinnati,0,cincinnati-bengals,28,2017
0,23,2,Rudi JohnsonR. Johnson,0,11.50,20,cincinnati-bengals,0,2017
1,16,1,Jeremi JohnsonJ. Johnson,0,16.00,15,cincinnati-bengals,0,2017
2,13,1,Tony StewartT. Stewart,0,13.00,16,cincinnati-bengals,0,2017
3,2,1,Glen SteeleG. Steele,0,2.00,13,cincinnati-bengals,0,2017
4,"1,474",74,Cincinnati,0,19.92,2,cincinnati-bengals,0,2017
5,"1,470",71,Opponents,0,20.70,46,cincinnati-bengals,0,2017
6,273,25,Peter WarrickP. Warrick,0,10.92,45,cincinnati-bengals,8,2017
7,58,5,Jeff BurrisJ. Burris,1,11.60,68t,cincinnati-bengals,0,2017
8,331,30,Cincinnati,0,11.03,34,cincinnati-bengals,8,2017
9,403,47,Opponents,1,8.57,68t,cincinnati-bengals,7,2017
0,0,15,0,15.00,Langston MooreL. Moore,15,cincinnati-bengals,1,2017
1,0,15,0,15.00,Reggie KellyR. Kelly,15,cincinnati-bengals,1,2017
2,0,14,0,14.00,Cincinnati,14,cincinnati-bengals,68,2017
3,0,40,0,20.63,Opponents,"1,403",cincinnati-bengals,80,2017
4,0,41,0,19.66,Keiwan RatliffK. Ratliff,"1,573",cincinnati-bengals,17,2017
5,0,49,5,12.18,T.J. HoushmandzadehT. Houshmandzadeh,207,cincinnati-bengals,11,2017
6,0,28,7,8.00,Deltha O'NealD. O'Neal,88,cincinnati-bengals,7,2017
7,0,17,6,4.71,Cincinnati,33,cincinnati-bengals,35,2017
8,0,49,18,9.37,Opponents,328,cincinnati-bengals,51,2017
0,0,21.02,"1,787",85,99t,Opponents,cincinnati-bengals,1,2017
1,14,5.61,157,28,13,Keiwan RatliffK. Ratliff,cincinnati-bengals,0,2017
2,14,5.61,157,28,13,Cincinnati,cincinnati-bengals,0,2017
3,7,8.12,260,32,27,Opponents,cincinnati-bengals,0,2017
4,75,43.2,"2,591",60,8,Kyle LarsonK. Larson,cincinnati-bengals,13,2017
0,0,34,0,17.25,Tony StewartT. Stewart,69,cincinnati-bengals,1,2017
1,0,10,0,10.00,Reggie KellyR. Kelly,10,cincinnati-bengals,2,2017
2,0,8,0,4.00,Keiwan RatliffK. Ratliff,8,cincinnati-bengals,0,2017
3,0,0,1,0.00,Cincinnati,0,cincinnati-bengals,59,2017
4,0,38,1,20.49,Opponents,"1,209",cincinnati-bengals,70,2017
5,0,49,0,21.03,Keiwan RatliffK. Ratliff,"1,472",cincinnati-bengals,27,2017
6,0,38,9,6.52,Antonio ChatmanA. Chatman,176,cincinnati-bengals,8,2017
7,0,19,3,6.62,Deltha O'NealD. O'Neal,53,cincinnati-bengals,1,2017
8,0,10,2,10.00,Cincinnati,10,cincinnati-bengals,36,2017
9,0,38,14,6.64,Opponents,239,cincinnati-bengals,42,2017
0,73,Cincinnati,0,20,"1,684",0,cincinnati-bengals,23.07,2017
1,76,Opponents,1,100t,"1,732",2,cincinnati-bengals,22.79,2017
2,18,Antonio ChatmanA. Chatman,0,85,93,0,cincinnati-bengals,5.17,2017
3,9,Skyler GreenS. Green,0,19,38,8,cincinnati-bengals,4.22,2017
4,27,Cincinnati,0,9,131,10,cincinnati-bengals,4.85,2017
5,33,Opponents,0,19,299,18,cincinnati-bengals,9.06,2017
6,59,Kyle LarsonK. Larson,1,63t,"2,437",10,cincinnati-bengals,41.3,2017
0,Leon HallL. Hall,0,8,0,1,8.00,cincinnati-bengals,1,2017
1,Cincinnati,0,1,0,67,1.00,cincinnati-bengals,"1,551",2017
2,Opponents,0,60,0,47,23.15,cincinnati-bengals,"1,059",2017
3,Antonio ChatmanA. Chatman,0,87,0,21,22.53,cincinnati-bengals,158,2017
4,T.J. HoushmandzadehT. Houshmandzadeh,0,34,5,8,7.52,cincinnati-bengals,79,2017
5,Leon HallL. Hall,0,15,2,3,9.88,cincinnati-bengals,16,2017
6,Cincinnati,0,12,0,32,5.33,cincinnati-bengals,253,2017
7,Opponents,0,34,7,48,7.91,cincinnati-bengals,436,2017
8,Kyle LarsonK. Larson,1,73t,22,100,9.08,cincinnati-bengals,"3,945",2017
0,Brian LeonardB. Leonard,0,31,0,2,18.38,cincinnati-bengals,38,2017
1,Leon HallL. Hall,0,24,0,1,19.00,cincinnati-bengals,22,2017
2,Laveranues ColesL. Coles,0,22,0,1,22.00,cincinnati-bengals,14,2017
3,Daniel CoatsD. Coats,0,14,0,0,14.00,cincinnati-bengals,0,2017
4,Cincinnati,0,0,1,62,0.00,cincinnati-bengals,"1,356",2017
5,Opponents,1,96t,1,58,21.87,cincinnati-bengals,"1,289",2017
6,Quan CosbyQ. Cosby,0,58,0,40,22.22,cincinnati-bengals,474,2017
7,Cincinnati,0,60,19,40,11.85,cincinnati-bengals,474,2017
8,Opponents,0,60,19,39,11.85,cincinnati-bengals,393,2017
0,3,Quan CosbyQ. Cosby,0,32,44,0,cincinnati-bengals,14.67,2017
1,1,Leon HallL. Hall,0,18,29,0,cincinnati-bengals,29.00,2017
2,1,Reggie KellyR. Kelly,0,29,8,0,cincinnati-bengals,8.00,2017
3,71,Cincinnati,0,8,"1,551",0,cincinnati-bengals,21.85,2017
4,64,Opponents,0,60,"1,504",0,cincinnati-bengals,23.50,2017
5,30,Quan CosbyQ. Cosby,2,97t,225,0,cincinnati-bengals,7.50,2017
6,5,Adam JonesA. Jones,0,20,33,21,cincinnati-bengals,6.60,2017
7,1,Andre CaldwellA. Caldwell,0,27,0,0,cincinnati-bengals,0.00,2017
0,0,23.76,998,42,45,Brandon TateB. Tate,cincinnati-bengals,0,2017
1,0,26.00,26,1,26,Bernard ScottB. Scott,cincinnati-bengals,0,2017
2,0,10.00,10,1,10,Cedric PeermanC. Peerman,cincinnati-bengals,0,2017
3,0,4.00,4,1,4,Nate ClementsN. Clements,cincinnati-bengals,0,2017
4,0,0.00,-12,0,-12,Adam JonesA. Jones,cincinnati-bengals,0,2017
5,0,22.80,"1,026",45,45,Cincinnati,cincinnati-bengals,0,2017
6,0,20.82,916,44,51,Opponents,cincinnati-bengals,0,2017
0,10.87,"3,761",346,16,235.1,Opponents,cincinnati-bengals,71t,2017
1,Brandon TateB. Tate,"1,676",548,183,32,16,cincinnati-bengals,795,2017
2,Adam JonesA. Jones,0,45,0,3,24.84,cincinnati-bengals,64,2017
3,Cedric PeermanC. Peerman,0,31,0,2,21.33,cincinnati-bengals,37,2017
4,Orson CharlesO. Charles,0,19,0,2,18.50,cincinnati-bengals,17,2017
5,Chris PressleyC. Pressley,0,10,0,2,8.50,cincinnati-bengals,15,2017
6,Cincinnati,0,8,0,41,7.50,cincinnati-bengals,928,2017
0,0,26.11,914,35,71,Brandon TateB. Tate,cincinnati-bengals,0,2017
1,1,16.50,66,4,26,Cedric PeermanC. Peerman,cincinnati-bengals,0,2017
2,1,25.13,980,39,71,Cincinnati,cincinnati-bengals,0,2017
3,0,23.44,"1,219",52,48,Opponents,cincinnati-bengals,0,2017
0,0,31.26,844,27,97,Adam JonesA. Jones,cincinnati-bengals,0,2017
1,0,22.06,397,18,31,Brandon TateB. Tate,cincinnati-bengals,0,2017
2,0,27.58,"1,241",45,97,Cincinnati,cincinnati-bengals,0,2017
3,0,25.52,"1,123",44,77,Opponents,cincinnati-bengals,0,2017
0,0,22.94,413,18,58,Brandon TateB. Tate,cincinnati-bengals,0,2017
1,0,23.50,235,10,49,Adam JonesA. Jones,cincinnati-bengals,0,2017
2,0,11.00,44,4,20,Cedric PeermanC. Peerman,cincinnati-bengals,0,2017
3,0,6.00,6,1,6,Giovani BernardG. Bernard,cincinnati-bengals,0,2017
4,0,2.00,2,1,2,Mohamed SanuM. Sanu,cincinnati-bengals,0,2017
5,0,20.59,700,34,58,Cincinnati,cincinnati-bengals,0,2017
6,0,22.63,"1,041",46,35,Opponents,cincinnati-bengals,0,2017
0,0,27.93,810,29,84,Alex EricksonA. Erickson,cincinnati-bengals,0,2017
1,0,19.00,114,6,26,Rex BurkheadR. Burkhead,cincinnati-bengals,0,2017
2,0,19.75,79,4,23,Adam JonesA. Jones,cincinnati-bengals,0,2017
3,0,25.72,"1,003",39,84,Cincinnati,cincinnati-bengals,0,2017
4,0,22.27,891,40,65,Opponents,cincinnati-bengals,0,2017
0,0,20.72,663,32,41,Alex EricksonA. Erickson,cincinnati-bengals,0,2017
1,0,7.00,7,1,7,Giovani BernardG. Bernard,cincinnati-bengals,0,2017
2,0,0.00,0,1,0,Cethan CarterC. Carter,cincinnati-bengals,0,2017
3,0,19.71,670,34,41,Cincinnati,cincinnati-bengals,0,2017
4,0,23.17,811,35,87,Opponents,cincinnati-bengals,0,2017
0,24.00,24,1,Marc EdwardsM. Edwards,0,0,cleveland-browns,24,2017
1,10.00,20,2,Earl LittleE. Little,0,0,cleveland-browns,12,2017
2,18.00,18,1,Chester BurnettC. Burnett,0,0,cleveland-browns,18,2017
3,20.12,"1,710",85,Cleveland,0,0,cleveland-browns,62,2017
4,24.10,"1,012",42,Opponents,0,0,cleveland-browns,62,2017
5,10.70,289,27,Dennis NorthcuttD. Northcutt,12,0,cleveland-browns,30,2017
6,5.00,5,1,Lamar ChapmanL. Chapman,2,0,cleveland-browns,5,2017
7,0.00,0,1,Rashidi BarnesR. Barnes,0,0,cleveland-browns,0,2017
8,10.14,294,29,Cleveland,14,0,cleveland-browns,30,2017
9,11.49,793,69,Opponents,10,0,cleveland-browns,54,2017
0,26,0,26.00,26,0,1,cleveland-browns,Jake MorelandJ. Moreland,2017
1,14,0,14.00,14,0,1,cleveland-browns,Greg SpiresG. Spires,2017
2,13,0,13.00,13,0,1,cleveland-browns,O.J. SantiagoO. Santiago,2017
3,5,1,0.50,1,0,2,cleveland-browns,Cleveland,2017
4,51,1,20.73,"1,285",0,62,cleveland-browns,Opponents,2017
5,49,0,18.69,"1,215",0,65,cleveland-browns,Kevin JohnsonK. Johnson,2017
6,24,6,8.36,117,0,14,cleveland-browns,Dennis NorthcuttD. Northcutt,2017
7,32,9,5.73,86,0,15,cleveland-browns,Raymond JacksonR. Jackson,2017
8,43,0,43.00,43,0,1,cleveland-browns,Lamar ChapmanL. Chapman,2017
9,1,0,1.00,1,0,1,cleveland-browns,Scott FrostS. Frost,2017
10,0,1,0.00,0,0,0,cleveland-browns,Cleveland,2017
0,0,14,0,10.50,James JacksonJ. Jackson,21,cleveland-browns,1,2017
1,0,13,0,13.00,Cleveland,13,cleveland-browns,66,2017
2,1,95t,0,20.24,Opponents,"1,336",cleveland-browns,67,2017
3,0,82,0,20.39,Dennis NorthcuttD. Northcutt,"1,366",cleveland-browns,25,2017
4,2,87t,10,14.68,Andre' DavisA. Davis,367,cleveland-browns,7,2017
5,0,15,4,4.71,Lewis SandersL. Sanders,33,cleveland-browns,0,2017
6,0,19,0,0.00,Andre KingA. King,19,cleveland-browns,1,2017
7,0,15,0,15.00,Cleveland,15,cleveland-browns,33,2017
0,Barry StokesB. Stokes,0,26,0,1,19.33,cleveland-browns,7,2017
1,Chad MustardC. Mustard,0,7,0,1,7.00,cleveland-browns,6,2017
2,Jamel WhiteJ. White,0,6,0,2,6.00,cleveland-browns,2,2017
3,Cleveland,0,2,0,71,1.00,cleveland-browns,"1,501",2017
4,Opponents,0,69,0,60,21.14,cleveland-browns,"1,231",2017
5,Dennis NorthcuttD. Northcutt,0,77,0,36,20.52,cleveland-browns,295,2017
6,Andre' DavisA. Davis,0,38,10,1,8.19,cleveland-browns,7,2017
7,Cleveland,0,7,1,37,7.00,cleveland-browns,302,2017
8,Opponents,0,38,11,33,8.16,cleveland-browns,316,2017
9,Chris GardockiC. Gardocki,0,49,9,72,9.58,cleveland-browns,"3,019",2017
10,0,18,10,60,34.8,41.9,cleveland-browns,33,2017
0,13,0,9.50,19,0,2,cleveland-browns,Chad MustardC. Mustard,2017
1,9,0,6.50,13,0,2,cleveland-browns,Lewis SandersL. Sanders,2017
2,10,0,9.00,9,0,1,cleveland-browns,Cleveland,2017
3,93t,0,20.05,"1,504",1,75,cleveland-browns,Opponents,2017
4,93t,0,22.64,"1,336",1,59,cleveland-browns,Dennis NorthcuttD. Northcutt,2017
5,44,12,12.00,432,0,36,cleveland-browns,Cleveland,2017
6,44,12,12.00,432,0,36,cleveland-browns,Opponents,2017
7,49,10,6.52,313,0,48,cleveland-browns,Derrick FrostD. Frost,2017
8,4,54,40.0,"3,404",24,85,cleveland-browns,0,2017
9,Cleveland,--,313,48,85,35.4,cleveland-browns,"3,404",2017
0,3,Aaron SheaA. Shea,0,17,29,0,cleveland-browns,9.67,2017
1,2,Terrelle SmithT. Smith,0,13,24,0,cleveland-browns,12.00,2017
2,1,Jason WrightJ. Wright,0,13,17,0,cleveland-browns,17.00,2017
3,1,Frisman JacksonF. Jackson,0,17,15,0,cleveland-browns,15.00,2017
4,68,Cleveland,0,15,"1,506",0,cleveland-browns,22.15,2017
5,56,Opponents,1,90t,"1,182",0,cleveland-browns,21.11,2017
6,35,Dennis NorthcuttD. Northcutt,0,63,368,0,cleveland-browns,10.51,2017
7,1,Joshua CribbsJ. Cribbs,1,62t,5,13,cleveland-browns,5.00,2017
8,1,Sean JonesS. Jones,0,5,0,0,cleveland-browns,0.00,2017
9,37,Cleveland,0,0,373,0,cleveland-browns,10.08,2017
10,36,Opponents,1,62t,347,13,cleveland-browns,9.64,2017
0,0,2,0,2.00,Cleveland,2,cleveland-browns,71,2017
1,1,92t,0,23.03,Opponents,"1,635",cleveland-browns,48,2017
2,1,99t,0,21.94,Dennis NorthcuttD. Northcutt,"1,053",cleveland-browns,28,2017
3,0,81,13,11.14,Joshua CribbsJ. Cribbs,312,cleveland-browns,6,2017
4,0,34,3,8.50,Sean JonesS. Jones,51,cleveland-browns,1,2017
5,0,8,0,8.00,Mason UnckM. Unck,8,cleveland-browns,1,2017
6,0,0,0,0.00,Cleveland,0,cleveland-browns,36,2017
0,9,1,Joe JureviciusJ. Jurevicius,0,9.00,13,cleveland-browns,0,2017
1,"1,943",72,Cleveland,0,26.99,9,cleveland-browns,0,2017
2,"1,590",76,Opponents,2,20.92,100t,cleveland-browns,0,2017
3,405,30,Joshua CribbsJ. Cribbs,0,13.50,65,cleveland-browns,10,2017
4,405,30,Cleveland,1,13.50,76t,cleveland-browns,10,2017
5,308,34,Opponents,1,9.06,76t,cleveland-browns,8,2017
6,"2,046",49,Dave ZastudilD. Zastudil,1,41.8,94t,cleveland-browns,64,2017
0,1,Charles AliC. Ali,0,15,10,0,cleveland-browns,10.00,2017
1,1,Brad CieslakB. Cieslak,0,10,7,0,cleveland-browns,7.00,2017
2,1,Isaac SowellsI. Sowells,0,7,0,0,cleveland-browns,0.00,2017
3,1,Seth McKinneyS. McKinney,0,0,0,0,cleveland-browns,0.00,2017
4,58,Cleveland,0,0,"1,312",0,cleveland-browns,22.62,2017
5,53,Opponents,1,92t,"1,228",0,cleveland-browns,23.17,2017
6,28,Joshua CribbsJ. Cribbs,1,98t,228,0,cleveland-browns,8.14,2017
7,2,Syndric SteptoeS. Steptoe,0,32,23,7,cleveland-browns,11.50,2017
8,30,Cleveland,0,14,251,0,cleveland-browns,8.37,2017
9,32,Opponents,0,32,235,7,cleveland-browns,7.34,2017
10,75,Dave ZastudilD. Zastudil,0,44,"3,410",7,cleveland-browns,45.5,2017
0,12.00,12,1,Mike FurreyM. Furrey,0,0,cleveland-browns,12,2017
1,9.00,9,1,Jason TrusnikJ. Trusnik,0,0,cleveland-browns,9,2017
2,9.00,9,1,Greg EstandiaG. Estandia,1,0,cleveland-browns,9,2017
3,0.00,0,1,Lawrence VickersL. Vickers,0,0,cleveland-browns,0,2017
4,0.00,0,1,Abram ElamA. Elam,0,0,cleveland-browns,0,2017
5,24.20,"1,670",69,Cleveland,1,0,cleveland-browns,103t,2017
6,18.92,984,52,Opponents,0,3,cleveland-browns,46,2017
7,11.89,452,38,Joshua CribbsJ. Cribbs,3,0,cleveland-browns,67t,2017
8,4.00,4,1,Gerard LawsonG. Lawson,0,1,cleveland-browns,4,2017
9,11.69,456,39,Cleveland,3,0,cleveland-browns,67t,2017
0,55,5,Mike BellM. Bell,0,11.00,26,cleveland-browns,0,2017
1,47,4,Raymond VentroneR. Ventrone,0,11.75,31,cleveland-browns,0,2017
2,32,4,Jerome HarrisonJ. Harrison,0,8.00,17,cleveland-browns,0,2017
3,26,4,Marcus BenardM. Benard,0,6.50,10,cleveland-browns,0,2017
4,13,2,Lawrence VickersL. Vickers,0,6.50,11,cleveland-browns,0,2017
5,11,1,James DavisJ. Davis,0,11.00,10,cleveland-browns,0,2017
6,5,1,Chris GocongC. Gocong,0,5.00,11,cleveland-browns,0,2017
7,"1,191",70,Cleveland,0,17.01,5,cleveland-browns,0,2017
8,959,54,Opponents,0,17.76,37,cleveland-browns,0,2017
9,168,20,Joshua CribbsJ. Cribbs,0,8.40,32,cleveland-browns,6,2017
10,62,0,Eric WrightE. Wright,0,0.00,17,cleveland-browns,0,2017
11,5,2,Chansi StuckeyC. Stuckey,0,2.50,62,cleveland-browns,3,2017
0,0,24.97,974,39,63,Joshua CribbsJ. Cribbs,cleveland-browns,0,2017
1,0,24.00,72,3,32,Darryl SkrineD. Skrine,cleveland-browns,0,2017
2,0,11.50,46,4,13,Owen MarecicO. Marecic,cleveland-browns,0,2017
3,0,21.00,42,2,30,Mike AdamsM. Adams,cleveland-browns,0,2017
4,0,23.62,"1,134",48,63,Cleveland,cleveland-browns,0,2017
5,0,22.93,"1,055",46,101t,Opponents,cleveland-browns,1,2017
0,0,27.40,"1,178",43,74,Joshua CribbsJ. Cribbs,cleveland-browns,0,2017
1,0,25.33,76,3,29,Travis BenjaminT. Benjamin,cleveland-browns,0,2017
2,0,4.00,8,2,5,Eric HaggE. Hagg,cleveland-browns,0,2017
3,0,7.00,7,1,7,Emmanuel StephensE. Stephens,cleveland-browns,0,2017
4,0,0.00,0,1,0,James-Michael JohnsonJ. Johnson,cleveland-browns,0,2017
5,0,25.38,"1,269",50,74,Cleveland,cleveland-browns,0,2017
6,0,19.84,853,43,34,Opponents,cleveland-browns,0,2017
0,0,20.96,482,23,56,Fozzy WhittakerF. Whittaker,cleveland-browns,0,2017
1,0,21.57,151,7,30,Greg LittleG. Little,cleveland-browns,0,2017
2,0,24.50,147,6,33,Bobby RaineyB. Rainey,cleveland-browns,0,2017
3,0,48.67,146,3,86,Travis BenjaminT. Benjamin,cleveland-browns,0,2017
4,0,5.00,5,1,5,Leon McFaddenL. McFadden,cleveland-browns,0,2017
5,0,23.27,931,40,86,Cleveland,cleveland-browns,0,2017
6,0,22.67,612,27,40,Opponents,cleveland-browns,0,2017
0,0,24.77,322,13,32,Marlon MooreM. Moore,cleveland-browns,0,2017
1,0,20.50,246,12,28,Travis BenjaminT. Benjamin,cleveland-browns,0,2017
2,0,23.00,115,5,39,Shaun DraughnS. Draughn,cleveland-browns,0,2017
3,0,24.00,96,4,30,Taylor GabrielT. Gabriel,cleveland-browns,0,2017
4,0,14.00,14,1,14,Jordan PoyerJ. Poyer,cleveland-browns,0,2017
5,0,5.00,5,1,5,Jim LeonhardJ. Leonhard,cleveland-browns,0,2017
6,0,3.00,3,1,3,Craig RobertsonC. Robertson,cleveland-browns,0,2017
7,0,21.65,801,37,39,Cleveland,cleveland-browns,0,2017
8,0,22.42,695,31,41,Opponents,cleveland-browns,0,2017
0,0,28.25,339,12,40,Justin GilbertJ. Gilbert,cleveland-browns,0,2017
1,0,25.75,309,12,53,Raheem MostertR. Mostert,cleveland-browns,0,2017
2,0,22.57,158,7,28,Darius JenningsD. Jennings,cleveland-browns,0,2017
3,0,21.20,106,5,31,Shaun DraughnS. Draughn,cleveland-browns,0,2017
4,0,25.67,77,3,29,Marlon MooreM. Moore,cleveland-browns,0,2017
5,0,26.00,52,2,30,Duke JohnsonD. Johnson,cleveland-browns,0,2017
6,0,25.39,"1,041",41,53,Cleveland,cleveland-browns,0,2017
7,0,21.29,894,42,46,Opponents,cleveland-browns,0,2017
0,0,23.75,190,8,36,Mario AlfordM. Alford,cleveland-browns,0,2017
1,0,18.22,164,9,24,Ricardo LouisR. Louis,cleveland-browns,0,2017
2,0,17.12,137,8,21,George Atkinson IIIG. Atkinson,cleveland-browns,0,2017
3,0,15.86,111,7,21,Tracy HowardT. Howard,cleveland-browns,0,2017
4,0,19.00,19,1,19,Duke JohnsonD. Johnson,cleveland-browns,0,2017
5,0,13.00,13,1,13,Seth DevalveS. Devalve,cleveland-browns,0,2017
6,0,18.65,634,34,36,Cleveland,cleveland-browns,0,2017
7,0,21.25,510,24,48,Opponents,cleveland-browns,0,2017
0,0,24.28,437,18,71,Matt DayesM. Dayes,cleveland-browns,0,2017
1,0,22.71,318,14,35,Jabrill PeppersJ. Peppers,cleveland-browns,0,2017
2,0,18.00,18,1,18,Dan VitaleD. Vitale,cleveland-browns,0,2017
3,0,8.50,17,2,9,Nate OrchardN. Orchard,cleveland-browns,0,2017
4,0,22.57,790,35,71,Cleveland,cleveland-browns,0,2017
5,0,23.55,471,20,96t,Opponents,cleveland-browns,1,2017
0,1,Jerame TumanJ. Tuman,0,0,-1,0,pittsburgh-steelers,-1.00,2017
1,0,Bobby ShawB. Shaw,0,-1,-8,0,pittsburgh-steelers,0.00,2017
2,58,Pittsburgh,0,-8,"1,221",0,pittsburgh-steelers,21.05,2017
3,69,Opponents,1,98t,"1,496",0,pittsburgh-steelers,21.68,2017
4,36,Hank PoteatH. Poteat,0,62,467,0,pittsburgh-steelers,12.97,2017
5,2,Bobby ShawB. Shaw,1,54,17,7,pittsburgh-steelers,8.50,2017
6,4,Courtney HawkinsC. Hawkins,0,10,15,1,pittsburgh-steelers,3.75,2017
7,0,Troy EdwardsT. Edwards,0,9,0,11,pittsburgh-steelers,0.00,2017
8,42,Pittsburgh,0,0,499,1,pittsburgh-steelers,11.88,2017
0,1,Bobby ShawB. Shaw,0,9,2,0,pittsburgh-steelers,2.00,2017
1,46,Pittsburgh,0,2,884,0,pittsburgh-steelers,19.22,2017
2,73,Opponents,0,81,"1,561",0,pittsburgh-steelers,21.38,2017
3,36,Hank PoteatH. Poteat,1,95t,292,0,pittsburgh-steelers,8.11,2017
4,10,Troy EdwardsT. Edwards,0,39,83,14,pittsburgh-steelers,8.30,2017
5,4,Bobby ShawB. Shaw,0,28,45,0,pittsburgh-steelers,11.25,2017
6,50,Pittsburgh,0,23,420,1,pittsburgh-steelers,8.40,2017
7,28,Opponents,0,39,334,15,pittsburgh-steelers,11.93,2017
0,0,12.00,12,1,12,Rodney BaileyR. Bailey,pittsburgh-steelers,0,2017
1,0,7.00,7,1,7,John AllredJ. Allred,pittsburgh-steelers,0,2017
2,0,21.44,"1,544",72,99t,Pittsburgh,pittsburgh-steelers,1,2017
3,0,21.42,"1,671",78,96t,Opponents,pittsburgh-steelers,1,2017
4,11,6.95,257,37,29,Antwaan Randle ElA. Randle El,pittsburgh-steelers,0,2017
5,2,7.25,29,4,11,Hank PoteatH. Poteat,pittsburgh-steelers,0,2017
6,0,4.00,4,1,4,Chad ScottC. Scott,pittsburgh-steelers,0,2017
7,13,6.90,290,42,29,Pittsburgh,pittsburgh-steelers,0,2017
0,0,53,0,20.66,Opponents,"1,405",pittsburgh-steelers,66,2017
1,1,100t,0,20.59,Antwaan Randle ElA. Randle El,"1,359",pittsburgh-steelers,45,2017
2,2,84t,12,12.04,Chris DoeringC. Doering,542,pittsburgh-steelers,0,2017
3,0,9,0,0.00,Pittsburgh,9,pittsburgh-steelers,45,2017
4,2,84t,12,12.24,Opponents,551,pittsburgh-steelers,47,2017
5,0,45,12,6.36,Josh MillerJ. Miller,299,pittsburgh-steelers,84,2017
0,0,13,0,13.00,Pittsburgh,13,pittsburgh-steelers,62,2017
1,0,48,0,21.53,Opponents,"1,335",pittsburgh-steelers,74,2017
2,1,91t,0,21.55,Antwaan Randle ElA. Randle El,"1,595",pittsburgh-steelers,42,2017
3,0,60,13,8.26,Ricardo ColcloughR. Colclough,347,pittsburgh-steelers,1,2017
4,0,13,0,13.00,Verron HaynesV. Haynes,13,pittsburgh-steelers,1,2017
5,0,5,0,5.00,Pittsburgh,5,pittsburgh-steelers,44,2017
6,0,60,13,8.30,Opponents,365,pittsburgh-steelers,34,2017
0,0,11.50,23,2,12,Brett KeiselB. Keisel,pittsburgh-steelers,0,2017
1,0,16.00,16,1,16,Antwaan Randle ElA. Randle El,pittsburgh-steelers,0,2017
2,0,3.00,3,1,3,Dan KreiderD. Kreider,pittsburgh-steelers,0,2017
3,0,-2.00,-2,1,-2,James HarrisonJ. Harrison,pittsburgh-steelers,0,2017
4,0,21.57,"1,208",56,74,Pittsburgh,pittsburgh-steelers,0,2017
5,0,21.88,"1,685",77,94,Opponents,pittsburgh-steelers,0,2017
6,12,10.18,448,44,81t,Antwaan Randle ElA. Randle El,pittsburgh-steelers,2,2017
7,0,19.00,19,1,19,Ike TaylorI. Taylor,pittsburgh-steelers,0,2017
8,0,3.00,3,1,3,Chidi IwuomaC. Iwuoma,pittsburgh-steelers,0,2017
9,1,0.00,0,0,0,James HarrisonJ. Harrison,pittsburgh-steelers,0,2017
0,0,26,0,26.00,Willie ReidW. Reid,26,pittsburgh-steelers,1,2017
1,0,19,0,19.00,Cedrick WilsonC. Wilson,19,pittsburgh-steelers,1,2017
2,0,11,0,11.00,Travis KirschkeT. Kirschke,11,pittsburgh-steelers,1,2017
3,0,0,0,0.00,Pittsburgh,0,pittsburgh-steelers,55,2017
4,0,76,0,22.07,Opponents,"1,214",pittsburgh-steelers,70,2017
5,1,92t,0,22.43,Santonio HolmesS. Holmes,"1,570",pittsburgh-steelers,26,2017
6,1,65t,21,10.15,Willie ReidW. Reid,264,pittsburgh-steelers,1,2017
7,0,11,0,11.00,Ricardo ColcloughR. Colclough,11,pittsburgh-steelers,4,2017
8,0,3,0,1.50,Cedrick WilsonC. Wilson,6,pittsburgh-steelers,2,2017
9,0,3,1,2.00,Ike TaylorI. Taylor,4,pittsburgh-steelers,1,2017
0,0,0,1,0.00,Pittsburgh,0,pittsburgh-steelers,52,2017
1,1,98t,1,22.02,Opponents,"1,145",pittsburgh-steelers,73,2017
2,1,100t,0,22.56,Allen RossumA. Rossum,"1,647",pittsburgh-steelers,36,2017
3,0,49,8,6.44,Cedrick WilsonC. Wilson,232,pittsburgh-steelers,2,2017
4,0,6,1,3.00,William GayW. Gay,6,pittsburgh-steelers,1,2017
5,0,0,0,0.00,Pittsburgh,0,pittsburgh-steelers,39,2017
6,0,49,9,6.10,Opponents,238,pittsburgh-steelers,31,2017
0,1,Tyrone CarterT. Carter,0,24,16,0,pittsburgh-steelers,16.00,2017
1,1,Matt SpaethM. Spaeth,0,16,3,0,pittsburgh-steelers,3.00,2017
2,50,Pittsburgh,0,3,"1,013",1,pittsburgh-steelers,20.26,2017
3,71,Opponents,0,43,"1,357",1,pittsburgh-steelers,19.11,2017
4,34,Santonio HolmesS. Holmes,0,40,226,0,pittsburgh-steelers,6.65,2017
5,6,Mewelde MooreM. Moore,0,35,21,7,pittsburgh-steelers,3.50,2017
6,1,Limas SweedL. Sweed,0,12,0,12,pittsburgh-steelers,0.00,2017
7,41,Pittsburgh,0,0,247,0,pittsburgh-steelers,6.02,2017
8,40,Opponents,0,35,247,19,pittsburgh-steelers,6.17,2017
0,0,26.00,26,1,26,Mike WallaceM. Wallace,pittsburgh-steelers,0,2017
1,0,7.67,23,3,13,Joe BurnettJ. Burnett,pittsburgh-steelers,0,2017
2,0,13.00,13,1,13,Carey DavisC. Davis,pittsburgh-steelers,0,2017
3,0,8.00,8,1,8,Rashard MendenhallR. Mendenhall,pittsburgh-steelers,0,2017
4,1,1.00,1,1,1,Matt SpaethM. Spaeth,pittsburgh-steelers,0,2017
5,1,0.00,0,0,0,Nicholas EasonN. Eason,pittsburgh-steelers,0,2017
6,2,23.95,"1,581",66,83,Pittsburgh,pittsburgh-steelers,0,2017
7,0,24.26,"1,795",74,98t,Opponents,pittsburgh-steelers,4,2017
8,15,9.33,280,30,25,Stefan LoganS. Logan,pittsburgh-steelers,0,2017
9,1,3.00,6,2,3,Santonio HolmesS. Holmes,pittsburgh-steelers,0,2017
0,0,20.25,81,4,21,Isaac RedmanI. Redman,pittsburgh-steelers,0,2017
1,0,15.67,47,3,17,Mewelde MooreM. Moore,pittsburgh-steelers,0,2017
2,0,23.53,"1,153",49,89t,Pittsburgh,pittsburgh-steelers,1,2017
3,0,20.00,"1,540",77,97t,Opponents,pittsburgh-steelers,1,2017
4,1,5.79,110,19,21,Antonio BrownA. Brown,pittsburgh-steelers,0,2017
5,1,15.00,60,4,38,Emmanuel SandersE. Sanders,pittsburgh-steelers,0,2017
0,0,27.30,737,27,52,Antonio BrownA. Brown,pittsburgh-steelers,0,2017
1,0,18.60,93,5,25,Emmanuel SandersE. Sanders,pittsburgh-steelers,0,2017
2,0,19.00,19,1,19,Jerricho CotcheryJ. Cotchery,pittsburgh-steelers,0,2017
3,0,18.00,18,1,18,Isaac RedmanI. Redman,pittsburgh-steelers,0,2017
4,0,10.00,10,1,10,Mewelde MooreM. Moore,pittsburgh-steelers,0,2017
5,0,25.06,877,35,52,Pittsburgh,pittsburgh-steelers,0,2017
6,0,23.67,"1,018",43,45,Opponents,pittsburgh-steelers,0,2017
0,0,26.54,"1,035",39,68,Chris RaineyC. Rainey,pittsburgh-steelers,0,2017
1,0,27.00,27,1,27,Emmanuel SandersE. Sanders,pittsburgh-steelers,0,2017
2,0,16.00,16,1,16,David PaulsonD. Paulson,pittsburgh-steelers,0,2017
3,0,8.00,8,1,8,Will JohnsonW. Johnson,pittsburgh-steelers,0,2017
4,1,0.00,0,1,0,Leonard PopeL. Pope,pittsburgh-steelers,0,2017
5,1,25.26,"1,086",43,68,Pittsburgh,pittsburgh-steelers,0,2017
6,0,23.98,"1,103",46,51,Opponents,pittsburgh-steelers,0,2017
0,11.40,"3,751",329,16,234.4,Opponents,pittsburgh-steelers,81t,2017
1,Felix JonesF. Jones,"1,591",565,174,23,21,pittsburgh-steelers,510,2017
2,Emmanuel SandersE. Sanders,0,42,0,10,22.17,pittsburgh-steelers,268,2017
3,Jonathan DwyerJ. Dwyer,0,46,0,4,26.80,pittsburgh-steelers,90,2017
4,Markus WheatonM. Wheaton,0,27,0,2,22.50,pittsburgh-steelers,37,2017
5,LaRod Stephens-HowlingL. Stephens-Howling,0,25,0,1,18.50,pittsburgh-steelers,25,2017
6,Antonio BrownA. Brown,0,25,0,1,25.00,pittsburgh-steelers,16,2017
7,Cameron HeywardC. Heyward,0,16,0,1,16.00,pittsburgh-steelers,11,2017
8,Michael PalmerM. Palmer,0,11,0,1,11.00,pittsburgh-steelers,5,2017
9,Pittsburgh,0,5,0,43,5.00,pittsburgh-steelers,962,2017
0,0,24.70,494,20,41,Markus WheatonM. Wheaton,pittsburgh-steelers,0,2017
1,0,17.89,161,9,23,Dri ArcherD. Archer,pittsburgh-steelers,0,2017
2,0,20.60,103,5,29,LeGarrette BlountL. Blount,pittsburgh-steelers,0,2017
3,0,0.00,0,1,0,Antonio BrownA. Brown,pittsburgh-steelers,0,2017
4,0,21.66,758,35,41,Pittsburgh,pittsburgh-steelers,0,2017
5,0,23.13,"1,249",54,108t,Opponents,pittsburgh-steelers,1,2017
0,11.59,"4,661",402,16,291.3,Opponents,pittsburgh-steelers,80t,2017
1,Dri ArcherD. Archer,"2,016",619,231,14,29,pittsburgh-steelers,354,2017
2,Jacoby JonesJ. Jones,0,38,0,9,25.29,pittsburgh-steelers,220,2017
3,Markus WheatonM. Wheaton,0,36,0,5,24.44,pittsburgh-steelers,105,2017
4,Jordan TodmanJ. Todman,0,28,0,1,21.00,pittsburgh-steelers,22,2017
5,Pittsburgh,0,22,0,29,22.00,pittsburgh-steelers,701,2017
0,0,21.38,278,13,33,Fitzgerald ToussaintF. Toussaint,pittsburgh-steelers,0,2017
1,0,25.00,150,6,44,Sammie CoatesS. Coates,pittsburgh-steelers,0,2017
2,0,16.60,83,5,20,Cobi HamiltonC. Hamilton,pittsburgh-steelers,0,2017
3,0,23.00,69,3,32,Justin GilbertJ. Gilbert,pittsburgh-steelers,0,2017
4,0,23.00,23,1,23,Antonio BrownA. Brown,pittsburgh-steelers,0,2017
5,0,21.54,603,28,44,Pittsburgh,pittsburgh-steelers,0,2017
6,0,24.72,717,29,72,Opponents,pittsburgh-steelers,0,2017
0,12.15,"3,610",297,16,225.6,Opponents,pittsburgh-steelers,75t,2017
1,JuJu Smith-SchusterJ. Smith-Schuster,"1,726",485,157,9,20,pittsburgh-steelers,240,2017
2,Martavis BryantM. Bryant,1,96t,0,9,26.67,pittsburgh-steelers,151,2017
3,Terrell WatsonT. Watson,0,38,0,7,16.78,pittsburgh-steelers,140,2017
4,Fitzgerald ToussaintF. Toussaint,0,25,0,6,20.00,pittsburgh-steelers,94,2017
5,Robert GoldenR. Golden,0,23,0,1,15.67,pittsburgh-steelers,5,2017
6,Xavier GrimbleX. Grimble,0,5,0,1,5.00,pittsburgh-steelers,0,2017
7,Pittsburgh,0,0,0,33,0.00,pittsburgh-steelers,630,2017
0,0,19,0,19.00,Sammy MorrisS. Morris,19,buffalo-bills,1,2017
1,0,17,0,17.00,Henry JonesH. Jones,17,buffalo-bills,1,2017
2,0,4,0,4.00,Kwame CavilK. Cavil,4,buffalo-bills,1,2017
3,0,1,0,1.00,Antowain SmithA. Smith,1,buffalo-bills,1,2017
4,0,0,0,0.00,Buffalo,0,buffalo-bills,69,2017
5,0,37,0,18.29,Opponents,"1,262",buffalo-bills,70,2017
6,2,97t,0,21.77,Chris WatsonC. Watson,"1,524",buffalo-bills,33,2017
7,0,20,18,4.94,Peerless PriceP. Price,163,buffalo-bills,5,2017
8,0,12,5,5.40,Buffalo,27,buffalo-bills,38,2017
9,0,20,23,5.00,Opponents,190,buffalo-bills,51,2017
10,1,73t,21,10.67,Chris MohrC. Mohr,544,buffalo-bills,95,2017
0,0,19.20,96,5,30,Chris WatsonC. Watson,buffalo-bills,0,2017
1,0,19.89,"1,651",83,37,Buffalo,buffalo-bills,0,2017
2,0,18.98,987,52,72,Opponents,buffalo-bills,0,2017
3,8,5.79,110,19,24,Peerless PriceP. Price,buffalo-bills,0,2017
4,1,20.25,81,4,66t,Nate ClementsN. Clements,buffalo-bills,1,2017
5,0,34.00,34,1,34,Avion BlackA. Black,buffalo-bills,0,2017
6,9,9.38,225,24,66t,Buffalo,buffalo-bills,1,2017
0,0,18.00,18,1,18,Shawn BrysonS. Bryson,buffalo-bills,0,2017
1,0,0.00,0,1,0,Sammy MorrisS. Morris,buffalo-bills,0,2017
2,0,19.79,"1,405",71,90t,Buffalo,buffalo-bills,1,2017
3,0,21.50,"1,634",76,98t,Opponents,buffalo-bills,2,2017
4,11,5.27,137,26,16,Charlie RogersC. Rogers,buffalo-bills,0,2017
5,0,5.00,20,4,11,Nate ClementsN. Clements,buffalo-bills,0,2017
6,11,5.23,157,30,16,Buffalo,buffalo-bills,0,2017
7,13,10.14,294,29,61,Opponents,buffalo-bills,0,2017
0,0,21.73,"1,369",63,75,Buffalo,buffalo-bills,0,2017
1,0,19.64,"1,080",55,35,Opponents,buffalo-bills,0,2017
2,11,9.79,137,14,35,Nate ClementsN. Clements,buffalo-bills,0,2017
3,10,4.44,111,25,18,Antonio BrownA. Brown,buffalo-bills,0,2017
4,0,0.00,0,1,0,Pierson PrioleauP. Prioleau,buffalo-bills,0,2017
5,0,0.00,0,1,0,Antoine WinfieldA. Winfield,buffalo-bills,0,2017
0,14,0,14.00,14,0,1,buffalo-bills,Ryan NeufeldR. Neufeld,2017
1,3,0,3.00,3,0,1,buffalo-bills,Eric MouldsE. Moulds,2017
2,2,0,2.00,2,0,1,buffalo-bills,Buffalo,2017
3,104t,0,24.48,"1,542",3,63,buffalo-bills,Opponents,2017
4,65,0,18.26,"1,406",0,77,buffalo-bills,Nate ClementsN. Clements,2017
5,86t,10,9.34,327,1,35,buffalo-bills,Jonathan SmithJ. Smith,2017
6,70t,0,17.44,157,1,9,buffalo-bills,Josh ReedJ. Reed,2017
7,7,0,7.00,7,0,1,buffalo-bills,Shaud WilliamsS. Williams,2017
8,0,0,0.00,0,0,1,buffalo-bills,Buffalo,2017
9,86t,10,10.67,491,2,46,buffalo-bills,Opponents,2017
0,3,Ryan NeufeldR. Neufeld,0,19,39,0,buffalo-bills,13.00,2017
1,1,Jim LeonhardJ. Leonhard,0,23,36,0,buffalo-bills,36.00,2017
2,2,Daimon SheltonD. Shelton,0,36,26,0,buffalo-bills,13.00,2017
3,1,Tim EuhusT. Euhus,0,16,0,0,buffalo-bills,0.00,2017
4,75,Buffalo,0,0,"1,992",0,buffalo-bills,26.56,2017
5,64,Opponents,1,99t,"1,308",0,buffalo-bills,20.44,2017
6,14,Roscoe ParrishR. Parrish,1,95t,186,0,buffalo-bills,13.29,2017
7,8,Nate ClementsN. Clements,0,43,52,9,buffalo-bills,6.50,2017
8,6,Jonathan SmithJ. Smith,0,13,41,3,buffalo-bills,6.83,2017
9,28,Buffalo,0,17,279,5,buffalo-bills,9.96,2017
10,42,Opponents,0,43,285,17,buffalo-bills,6.79,2017
0,0,5.00,10,2,9,Raymond PrestonR. Preston,buffalo-bills,0,2017
1,0,2.00,4,2,5,Mario HagganM. Haggan,buffalo-bills,0,2017
2,0,23.86,"1,503",63,88,Buffalo,buffalo-bills,0,2017
3,0,21.32,"1,279",60,74,Opponents,buffalo-bills,0,2017
4,9,11.38,364,32,82t,Roscoe ParrishR. Parrish,buffalo-bills,1,2017
5,1,8.29,58,7,32,Jim LeonhardJ. Leonhard,buffalo-bills,0,2017
6,10,10.82,422,39,82t,Buffalo,buffalo-bills,1,2017
7,20,7.36,265,36,25,Opponents,buffalo-bills,0,2017
0,2,Anthony ThomasA. Thomas,0,17,26,0,buffalo-bills,13.00,2017
1,1,Raymond PrestonR. Preston,0,15,12,0,buffalo-bills,12.00,2017
2,3,Ryan NeufeldR. Neufeld,0,12,6,0,buffalo-bills,2.00,2017
3,1,Kirk ChambersK. Chambers,0,7,6,0,buffalo-bills,6.00,2017
4,1,George WilsonG. Wilson,0,6,0,0,buffalo-bills,0.00,2017
5,1,Dwayne WrightD. Wright,0,0,0,0,buffalo-bills,0.00,2017
6,70,Buffalo,0,0,"1,448",0,buffalo-bills,20.69,2017
7,56,Opponents,1,103t,"1,150",0,buffalo-bills,20.54,2017
8,27,Roscoe ParrishR. Parrish,1,100t,440,0,buffalo-bills,16.30,2017
9,4,Jim LeonhardJ. Leonhard,1,74t,36,2,buffalo-bills,9.00,2017
10,31,Buffalo,0,13,476,2,buffalo-bills,15.35,2017
11,37,Opponents,1,74t,196,4,buffalo-bills,5.30,2017
12,81,Brian MoormanB. Moorman,0,29,"3,302",16,buffalo-bills,40.8,2017
0,0,19,0,13.33,Corey McIntyreC. McIntyre,40,buffalo-bills,1,2017
1,0,18,0,18.00,George WilsonG. Wilson,18,buffalo-bills,1,2017
2,0,7,0,7.00,Stevie JohnsonS. Johnson,7,buffalo-bills,1,2017
3,0,0,0,0.00,Buffalo,0,buffalo-bills,75,2017
4,1,98t,0,24.21,Opponents,"1,816",buffalo-bills,63,2017
5,0,69,0,19.79,Roscoe ParrishR. Parrish,"1,247",buffalo-bills,21,2017
6,1,63t,10,15.33,Fred JacksonF. Jackson,322,buffalo-bills,7,2017
7,0,35,0,16.57,Leodis McKelvinL. McKelvin,116,buffalo-bills,2,2017
8,0,14,0,13.00,Buffalo,26,buffalo-bills,30,2017
9,1,63t,10,15.47,Opponents,464,buffalo-bills,18,2017
0,3,Justin JenkinsJ. Jenkins,0,33,45,0,buffalo-bills,15.00,2017
1,1,Terrence McGeeT. McGee,0,19,30,0,buffalo-bills,30.00,2017
2,1,Xavier OmonX. Omon,0,30,26,0,buffalo-bills,26.00,2017
3,1,Spencer JohnsonS. Johnson,0,26,12,0,buffalo-bills,12.00,2017
4,1,Jonathan StuparJ. Stupar,0,12,11,0,buffalo-bills,11.00,2017
5,0,Jon CortoJ. Corto,0,11,0,0,buffalo-bills,0.00,2017
6,64,Buffalo,0,0,"1,517",1,buffalo-bills,23.70,2017
7,59,Opponents,0,71,"1,271",1,buffalo-bills,21.54,2017
8,24,Roscoe ParrishR. Parrish,0,52,133,0,buffalo-bills,5.54,2017
9,6,Fred JacksonF. Jackson,0,31,69,13,buffalo-bills,11.50,2017
10,0,Ashton YoubotyA. Youboty,0,27,16,5,buffalo-bills,0.00,2017
0,2,Naaman RooseveltN. Roosevelt,0,31,31,0,buffalo-bills,15.50,2017
1,2,Jehuu CaulcrickJ. Caulcrick,0,16,28,0,buffalo-bills,14.00,2017
2,1,Chris EllisC. Ellis,0,17,0,0,buffalo-bills,0.00,2017
3,69,Buffalo,0,0,"1,458",0,buffalo-bills,21.13,2017
4,57,Opponents,1,95t,"1,238",0,buffalo-bills,21.72,2017
5,12,C.J. SpillerC. Spiller,0,51,175,0,buffalo-bills,14.58,2017
6,12,Roscoe ParrishR. Parrish,0,34,131,8,buffalo-bills,10.92,2017
7,6,Leodis McKelvinL. McKelvin,0,33,24,7,buffalo-bills,4.00,2017
0,0,28.69,373,13,54,Justin RogersJ. Rogers,buffalo-bills,0,2017
1,0,18.80,282,15,28,Brad SmithB. Smith,buffalo-bills,0,2017
2,0,23.83,143,6,35,C.J. SpillerC. Spiller,buffalo-bills,0,2017
3,0,21.50,43,2,22,Leodis McKelvinL. McKelvin,buffalo-bills,0,2017
4,0,12.00,12,1,12,Mike CaussinM. Caussin,buffalo-bills,0,2017
5,0,23.05,853,37,54,Buffalo,buffalo-bills,0,2017
6,0,20.43,"1,144",56,59,Opponents,buffalo-bills,0,2017
0,0,28.33,510,18,59,Leodis McKelvinL. McKelvin,buffalo-bills,0,2017
1,0,27.56,496,18,89t,Brad SmithB. Smith,buffalo-bills,1,2017
2,0,37.50,75,2,55,Marcus EasleyM. Easley,buffalo-bills,0,2017
3,0,27.50,55,2,28,Justin RogersJ. Rogers,buffalo-bills,0,2017
4,0,0.00,0,1,0,Lee SmithL. Smith,buffalo-bills,0,2017
5,0,0.00,0,1,0,Alex CarringtonA. Carrington,buffalo-bills,0,2017
6,0,27.05,"1,136",42,89t,Buffalo,buffalo-bills,1,2017
7,0,22.43,"1,144",51,96t,Opponents,buffalo-bills,1,2017
0,0,21.94,351,16,28,Marquise GoodwinM. Goodwin,buffalo-bills,0,2017
1,0,20.75,83,4,28,Marcus EasleyM. Easley,buffalo-bills,0,2017
2,0,19.00,19,1,19,T.J. GrahamT. Graham,buffalo-bills,0,2017
3,0,9.00,9,1,9,Robert WoodsR. Woods,buffalo-bills,0,2017
4,0,7.00,7,1,7,Jay RossJ. Ross,buffalo-bills,0,2017
5,0,20.39,469,23,28,Buffalo,buffalo-bills,0,2017
6,0,23.38,"1,122",48,83,Opponents,buffalo-bills,0,2017
0,0,30.60,306,10,102t,C.J. SpillerC. Spiller,buffalo-bills,1,2017
1,0,27.50,165,6,49,Marcus ThigpenM. Thigpen,buffalo-bills,0,2017
2,0,21.00,84,4,24,Marquise GoodwinM. Goodwin,buffalo-bills,0,2017
3,0,25.00,75,3,32,Bryce BrownB. Brown,buffalo-bills,0,2017
4,0,16.00,64,4,30,Leodis McKelvinL. McKelvin,buffalo-bills,0,2017
5,0,13.00,52,4,15,Anthony DixonA. Dixon,buffalo-bills,0,2017
6,0,13.00,13,1,13,Marcus EasleyM. Easley,buffalo-bills,0,2017
7,0,11.00,11,1,11,Frank SummersF. Summers,buffalo-bills,0,2017
8,0,23.33,770,33,102t,Buffalo,buffalo-bills,1,2017
9,0,19.97,639,32,41,Opponents,buffalo-bills,0,2017
0,0,19.29,328,17,31,Marcus ThigpenM. Thigpen,buffalo-bills,0,2017
1,0,21.60,108,5,25,Percy HarvinP. Harvin,buffalo-bills,0,2017
2,0,23.00,92,4,28,Dan HerronD. Herron,buffalo-bills,0,2017
3,0,25.67,77,3,32,Walter PowellW. Powell,buffalo-bills,0,2017
4,0,14.00,70,5,20,Denarius MooreD. Moore,buffalo-bills,0,2017
5,0,14.75,59,4,17,Anthony DixonA. Dixon,buffalo-bills,0,2017
6,0,16.50,33,2,19,Marquise GoodwinM. Goodwin,buffalo-bills,0,2017
7,0,5.00,5,1,5,Jerome FeltonJ. Felton,buffalo-bills,0,2017
8,0,18.83,772,41,32,Buffalo,buffalo-bills,0,2017
9,0,17.20,688,40,49,Opponents,buffalo-bills,0,2017
0,0,22.83,662,29,45,Brandon TateB. Tate,buffalo-bills,0,2017
1,0,20.60,103,5,35,Reggie BushR. Bush,buffalo-bills,0,2017
2,0,13.50,27,2,14,Nick O'LearyN. O'Leary,buffalo-bills,0,2017
3,0,19.00,19,1,19,Mike GillisleeM. Gillislee,buffalo-bills,0,2017
4,0,9.00,18,2,11,Jerome FeltonJ. Felton,buffalo-bills,0,2017
5,0,21.26,829,39,45,Buffalo,buffalo-bills,0,2017
6,0,21.72,999,46,73,Opponents,buffalo-bills,0,2017
0,0,19.57,548,28,29,Brandon TateB. Tate,buffalo-bills,0,2017
1,0,25.00,50,2,27,Taiwan JonesT. Jones,buffalo-bills,0,2017
2,0,24.00,24,1,24,Patrick DiMarcoP. DiMarco,buffalo-bills,0,2017
3,0,18.00,18,1,18,Marcus MurphyM. Murphy,buffalo-bills,0,2017
4,1,0.00,0,0,0,Mike TolbertM. Tolbert,buffalo-bills,0,2017
5,1,20.00,640,32,29,Buffalo,buffalo-bills,0,2017
6,0,21.97,681,31,61,Opponents,buffalo-bills,0,2017
0,1,Leslie ShepherdL. Shepherd,0,15,14,0,miami-dolphins,14.00,2017
1,2,Hunter GoodwinH. Goodwin,0,14,6,0,miami-dolphins,3.00,2017
2,51,Miami,0,6,"1,133",0,miami-dolphins,22.22,2017
3,68,Opponents,0,56,"1,260",0,miami-dolphins,18.53,2017
4,19,Jeff OgdenJ. Ogden,0,37,323,0,miami-dolphins,17.00,2017
5,15,Leslie ShepherdL. Shepherd,1,81t,164,11,miami-dolphins,10.93,2017
6,5,Ben KellyB. Kelly,0,32,31,7,miami-dolphins,6.20,2017
7,0,O.J. McDuffieO. McDuffie,0,10,0,0,miami-dolphins,0.00,2017
8,39,Miami,0,0,518,1,miami-dolphins,13.28,2017
0,0,1,Ed PerryE. Perry,0,0.00,16,miami-dolphins,1,2017
1,"1,222",57,Miami,0,21.44,0,miami-dolphins,1,2017
2,"1,189",59,Opponents,0,20.15,55,miami-dolphins,0,2017
3,377,32,Jeff OgdenJ. Ogden,0,11.78,50,miami-dolphins,11,2017
4,88,9,Dedric WardD. Ward,0,9.78,48,miami-dolphins,2,2017
5,6,1,Sam MadisonS. Madison,0,6.00,18,miami-dolphins,0,2017
6,0,1,Terry CousinT. Cousin,0,0.00,6,miami-dolphins,0,2017
0,0,11.50,23,2,18,Jed WeaverJ. Weaver,miami-dolphins,0,2017
1,0,0.00,0,1,0,Jamar FletcherJ. Fletcher,miami-dolphins,0,2017
2,0,23.54,"1,483",63,66,Miami,miami-dolphins,0,2017
3,0,22.32,"1,540",69,56,Opponents,miami-dolphins,0,2017
4,11,10.56,169,16,34,Dedric WardD. Ward,miami-dolphins,0,2017
5,3,8.62,69,8,13,Albert JohnsonA. Johnson,miami-dolphins,0,2017
6,3,7.86,55,7,21,Robert BakerR. Baker,miami-dolphins,0,2017
7,17,9.45,293,31,34,Miami,miami-dolphins,0,2017
0,0,1,Donald LeeD. Lee,0,0.00,28,miami-dolphins,0,2017
1,"1,202",57,Miami,0,21.09,0,miami-dolphins,0,2017
2,"1,010",47,Opponents,0,21.49,49,miami-dolphins,0,2017
3,186,21,Charlie RogersC. Rogers,0,8.86,73,miami-dolphins,13,2017
4,100,8,Sam SimmonsS. Simmons,0,12.50,48,miami-dolphins,6,2017
5,2,1,Terrell BuckleyT. Buckley,0,2.00,32,miami-dolphins,0,2017
6,0,1,Kendall NewsonK. Newson,0,0.00,2,miami-dolphins,0,2017
0,22.00,22,1,Will PooleW. Poole,0,0,miami-dolphins,22,2017
1,23.71,"1,660",70,Miami,0,0,miami-dolphins,95t,2017
2,21.84,"1,114",51,Opponents,0,1,miami-dolphins,104t,2017
3,10.79,464,43,Wes WelkerW. Welker,12,1,miami-dolphins,71,2017
4,9.89,89,9,Lamont BrightfulL. Brightful,2,0,miami-dolphins,36,2017
5,0.00,11,0,Bryan GilmoreB. Gilmore,0,0,miami-dolphins,11,2017
6,10.85,564,52,Miami,14,0,miami-dolphins,71,2017
7,5.73,258,45,Opponents,19,0,miami-dolphins,24,2017
0,68,Miami,0,5,"1,501",0,miami-dolphins,22.07,2017
1,56,Opponents,0,46,"1,425",0,miami-dolphins,25.45,2017
2,43,Wes WelkerW. Welker,0,65,390,0,miami-dolphins,9.07,2017
3,43,Miami,0,47,390,23,miami-dolphins,9.07,2017
4,46,Opponents,0,47,227,23,miami-dolphins,4.93,2017
5,88,Donnie JonesD. Jones,0,37,"3,827",14,miami-dolphins,43.5,2017
6,39.3,0,31,7,46,63,miami-dolphins,227,2017
0,2,21.19,"1,102",52,46,Miami,miami-dolphins,0,2017
1,0,24.52,981,40,51,Opponents,miami-dolphins,0,2017
2,29,9.22,378,41,47,Wes WelkerW. Welker,miami-dolphins,0,2017
3,29,9.22,378,41,47,Miami,miami-dolphins,0,2017
4,10,7.49,367,49,28,Opponents,miami-dolphins,0,2017
5,64,42.8,"3,640",85,10,Donnie JonesD. Jones,miami-dolphins,28,2017
0,4.00,4,1,Reagan Maui'aR. Maui'a,1,0,miami-dolphins,4,2017
1,0.00,3,0,Greg CamarilloG. Camarillo,0,0,miami-dolphins,3,2017
2,1.50,3,2,Marty BookerM. Booker,0,0,miami-dolphins,3,2017
3,0.00,0,1,Steve FifitaS. Fifita,0,0,miami-dolphins,0,2017
4,0.00,0,0,Rob NinkovichR. Ninkovich,1,0,miami-dolphins,0,2017
5,0.00,0,1,Justin PeelleJ. Peelle,0,0,miami-dolphins,0,2017
6,19.90,"1,552",78,Miami,2,0,miami-dolphins,52,2017
7,25.84,"1,292",50,Opponents,0,0,miami-dolphins,98t,2017
8,9.58,230,24,Ted Ginn Jr.T. Ginn,15,2,miami-dolphins,87t,2017
9,9.58,230,24,Miami,15,1,miami-dolphins,87t,2017
10,9.92,387,39,Opponents,7,1,miami-dolphins,49,2017
11,43.2,"3,327",77,Brandon FieldsB. Fields,61,0,miami-dolphins,6,2017
12,387,39,36.6,0,--,10,miami-dolphins,Miami,2017
0,14.00,14,1,Ikechuku NdukweI. Ndukwe,0,0,miami-dolphins,14,2017
1,0.00,0,1,Nathan JonesN. Jones,0,0,miami-dolphins,0,2017
2,0.00,0,1,Anthony FasanoA. Fasano,0,0,miami-dolphins,0,2017
3,20.22,"1,213",60,Miami,0,0,miami-dolphins,60,2017
4,24.34,"1,655",68,Opponents,0,0,miami-dolphins,95,2017
5,11.00,231,21,Davone BessD. Bess,10,0,miami-dolphins,27,2017
6,7.71,54,7,Ted Ginn Jr.T. Ginn,1,0,miami-dolphins,15,2017
7,10.18,285,28,Miami,11,0,miami-dolphins,27,2017
8,13.11,485,37,Opponents,15,0,miami-dolphins,93t,2017
9,43.9,"3,249",74,Brandon FieldsB. Fields,71,2,miami-dolphins,7,2017
0,0,12.00,36,3,18,Brian HartlineB. Hartline,miami-dolphins,0,2017
1,0,12.00,24,2,12,Lousaka PoliteL. Polite,miami-dolphins,0,2017
2,0,13.00,13,1,13,Joe BergerJ. Berger,miami-dolphins,0,2017
3,0,9.00,9,1,9,Reggie TorborR. Torbor,miami-dolphins,0,2017
4,1,0.00,0,0,0,Joey HaynosJ. Haynos,miami-dolphins,0,2017
5,1,23.19,"1,739",75,101t,Miami,miami-dolphins,2,2017
6,0,21.93,"1,557",71,87,Opponents,miami-dolphins,0,2017
7,13,7.46,209,28,22,Davone BessD. Bess,miami-dolphins,0,2017
8,0,5.60,28,5,12,Ted Ginn Jr.T. Ginn,miami-dolphins,0,2017
0,0,19,0,17.33,Marlon MooreM. Moore,52,miami-dolphins,2,2017
1,0,34,0,25.50,Lousaka PoliteL. Polite,51,miami-dolphins,2,2017
2,0,10,0,5.00,Brandon MarshallB. Marshall,10,miami-dolphins,0,2017
3,0,0,1,0.00,Miami,0,miami-dolphins,56,2017
4,0,46,1,21.41,Opponents,"1,199",miami-dolphins,53,2017
5,2,103t,0,24.58,Davone BessD. Bess,"1,303",miami-dolphins,25,2017
6,0,47,20,11.36,Clifton SmithC. Smith,284,miami-dolphins,2,2017
7,0,6,2,4.50,Jonathon AmayaJ. Amaya,9,miami-dolphins,1,2017
0,0,24.79,843,34,77,Edmond GatesE. Gates,miami-dolphins,0,2017
1,0,28.33,85,3,42,Steve SlatonS. Slaton,miami-dolphins,0,2017
2,0,14.00,14,1,14,Lex HilliardL. Hilliard,miami-dolphins,0,2017
3,0,0.00,0,1,0,Davone BessD. Bess,miami-dolphins,0,2017
4,0,24.15,942,39,77,Miami,miami-dolphins,0,2017
5,0,22.85,937,41,54,Opponents,miami-dolphins,0,2017
0,0,27.37,"1,040",38,96t,Marcus ThigpenM. Thigpen,miami-dolphins,1,2017
1,0,21.00,42,2,24,Jorvorskie LaneJ. Lane,miami-dolphins,0,2017
2,0,27.05,"1,082",40,96t,Miami,miami-dolphins,1,2017
3,0,24.80,868,35,98t,Opponents,miami-dolphins,1,2017
0,0,22.31,870,39,50,Marcus ThigpenM. Thigpen,miami-dolphins,0,2017
1,0,11.50,23,2,15,Charles ClayC. Clay,miami-dolphins,0,2017
2,0,0.00,0,1,0,Austin SpitlerA. Spitler,miami-dolphins,0,2017
3,0,21.26,893,42,50,Miami,miami-dolphins,0,2017
4,0,22.94,826,36,47,Opponents,miami-dolphins,0,2017
0,0,28.06,954,34,74,Jarvis LandryJ. Landry,miami-dolphins,0,2017
1,1,20.40,102,5,26,Damien WilliamsD. Williams,miami-dolphins,0,2017
2,0,13.00,13,1,13,Nate GarnerN. Garner,miami-dolphins,0,2017
3,0,13.00,13,1,13,Terrence FedeT. Fede,miami-dolphins,0,2017
4,1,0.00,0,0,0,Jason TrusnikJ. Trusnik,miami-dolphins,0,2017
5,2,26.39,"1,082",41,74,Miami,miami-dolphins,0,2017
6,0,26.89,"1,237",46,102t,Opponents,miami-dolphins,1,2017
0,0,21.76,457,21,37,Damien WilliamsD. Williams,miami-dolphins,0,2017
1,0,24.69,321,13,50,Jarvis LandryJ. Landry,miami-dolphins,0,2017
2,0,28.50,57,2,32,Raheem MostertR. Mostert,miami-dolphins,0,2017
3,0,27.00,54,2,29,LaMichael JamesL. James,miami-dolphins,0,2017
4,0,21.50,43,2,25,Reshad JonesR. Jones,miami-dolphins,0,2017
5,0,20.00,20,1,20,Jay AjayiJ. Ajayi,miami-dolphins,0,2017
6,0,6.00,6,1,6,Zach VigilZ. Vigil,miami-dolphins,0,2017
7,0,0.00,0,1,0,Kelvin SheppardK. Sheppard,miami-dolphins,0,2017
8,0,22.28,958,43,50,Miami,miami-dolphins,0,2017
9,0,22.09,508,23,41,Opponents,miami-dolphins,0,2017
0,0,23.11,439,19,45,Jakeem GrantJ. Grant,miami-dolphins,0,2017
1,0,30.54,397,13,96t,Kenyan DrakeK. Drake,miami-dolphins,1,2017
2,0,16.00,32,2,17,Damien WilliamsD. Williams,miami-dolphins,0,2017
3,0,11.00,11,1,11,MarQueis GrayM. Gray,miami-dolphins,0,2017
4,0,25.11,879,35,96t,Miami,miami-dolphins,1,2017
5,0,20.39,632,31,44,Opponents,miami-dolphins,0,2017
0,0,22.81,479,21,31,Jakeem GrantJ. Grant,miami-dolphins,0,2017
1,0,20.20,202,10,37,Senorise PerryS. Perry,miami-dolphins,0,2017
2,0,21.00,147,7,34,Kenyan DrakeK. Drake,miami-dolphins,0,2017
3,0,11.00,11,1,11,A.J. DerbyA. Derby,miami-dolphins,0,2017
4,0,-5.00,-5,1,-5,Jarvis LandryJ. Landry,miami-dolphins,0,2017
5,0,0.00,-7,0,-7,Damien WilliamsD. Williams,miami-dolphins,0,2017
6,0,20.68,827,40,37,Miami,miami-dolphins,0,2017
7,0,19.56,665,34,36,Opponents,miami-dolphins,0,2017
0,16,0,16.00,16,0,1,new-england-patriots,Troy BrownT. Brown,2017
1,9,0,7.50,15,0,2,new-england-patriots,Tedy BruschiT. Bruschi,2017
2,7,0,6.50,13,0,2,new-england-patriots,Bobby HamiltonB. Hamilton,2017
3,0,0,0.00,0,0,1,new-england-patriots,New England,2017
4,47,0,20.86,"1,335",0,64,new-england-patriots,Opponents,2017
5,87t,0,21.77,"1,350",1,62,new-england-patriots,Troy BrownT. Brown,2017
6,66t,19,12.92,504,1,39,new-england-patriots,Kevin FaulkK. Faulk,2017
7,35,3,9.67,58,0,6,new-england-patriots,New England,2017
8,66t,22,12.49,562,1,45,new-england-patriots,Opponents,2017
9,56,21,8.93,384,0,43,new-england-patriots,Lee JohnsonL. Johnson,2017
10,5,62,42.7,"3,798",31,89,new-england-patriots,1,2017
0,Marc EdwardsM. Edwards,0,19,0,1,15.00,new-england-patriots,23,2017
1,Troy BrownT. Brown,0,23,0,1,23.00,new-england-patriots,13,2017
2,Tedy BruschiT. Bruschi,0,13,0,1,13.00,new-england-patriots,10,2017
3,New England,0,10,0,59,10.00,new-england-patriots,"1,184",2017
4,Opponents,0,42,0,75,20.07,new-england-patriots,"1,658",2017
5,Troy BrownT. Brown,0,64,0,29,22.11,new-england-patriots,413,2017
6,Kevin FaulkK. Faulk,2,85t,15,4,14.24,new-england-patriots,27,2017
7,New England,0,10,0,33,6.75,new-england-patriots,440,2017
8,Opponents,2,85t,15,26,13.33,new-england-patriots,124,2017
9,Ken WalterK. Walter,0,26,17,49,4.77,new-england-patriots,"1,964",2017
10,0,24,2,58,38.1,40.1,new-england-patriots,17,2017
0,0,12,0,12.00,Tedy BruschiT. Bruschi,12,new-england-patriots,1,2017
1,0,11,0,11.00,Jarvis GreenJ. Green,11,new-england-patriots,1,2017
2,0,10,0,10.00,New England,10,new-england-patriots,75,2017
3,2,87t,0,23.61,Opponents,"1,771",new-england-patriots,73,2017
4,0,57,0,20.45,Troy BrownT. Brown,"1,493",new-england-patriots,24,2017
5,0,27,10,7.29,Kevin FaulkK. Faulk,175,new-england-patriots,8,2017
6,0,16,4,8.12,Deion BranchD. Branch,65,new-england-patriots,2,2017
7,0,40,0,29.00,New England,58,new-england-patriots,34,2017
8,0,40,14,8.76,Opponents,298,new-england-patriots,24,2017
0,14,0,11.00,22,0,2,new-england-patriots,Dan KleckoD. Klecko,2017
1,10,0,10.00,20,0,2,new-england-patriots,Tedy BruschiT. Bruschi,2017
2,9,0,9.00,9,0,1,new-england-patriots,New England,2017
3,92t,1,23.80,"1,428",1,60,new-england-patriots,Opponents,2017
4,75,0,21.08,"1,623",0,77,new-england-patriots,Troy BrownT. Brown,2017
5,23,13,10.10,293,0,29,new-england-patriots,Tyrone PooleT. Poole,2017
6,18,3,6.82,75,0,11,new-england-patriots,Kevin FaulkK. Faulk,2017
7,19,6,13.20,66,0,5,new-england-patriots,Deion BranchD. Branch,2017
8,11,1,6.50,26,0,4,new-england-patriots,Bethel JohnsonB. Johnson,2017
9,2,0,2.00,2,0,1,new-england-patriots,Dedric WardD. Ward,2017
0,16.00,16,1,David PattenD. Patten,0,0,new-england-patriots,16,2017
1,0.00,0,0,Dan KleckoD. Klecko,1,0,new-england-patriots,0,2017
2,23.25,"1,302",56,New England,1,0,new-england-patriots,93t,2017
3,23.29,"2,003",86,Opponents,0,1,new-england-patriots,98t,2017
4,6.65,133,20,Kevin FaulkK. Faulk,11,1,new-england-patriots,16,2017
5,6.92,83,12,Troy BrownT. Brown,3,0,new-england-patriots,23,2017
6,2.00,8,4,Bethel JohnsonB. Johnson,1,0,new-england-patriots,6,2017
7,3.00,6,2,Tyrone PooleT. Poole,0,0,new-england-patriots,6,2017
8,0.00,0,1,Randall GayR. Gay,0,0,new-england-patriots,0,2017
0,Mike CloudM. Cloud,0,21,0,1,15.50,new-england-patriots,15,2017
1,Tully Banta-CainT. Banta-Cain,0,15,0,1,15.00,new-england-patriots,14,2017
2,Benjamin WatsonB. Watson,0,14,0,1,14.00,new-england-patriots,1,2017
3,Larry IzzoL. Izzo,0,1,0,1,1.00,new-england-patriots,0,2017
4,Michael StoneM. Stone,0,0,0,1,0.00,new-england-patriots,0,2017
5,New England,0,0,0,70,0.00,new-england-patriots,"1,555",2017
6,Opponents,0,65,0,68,22.21,new-england-patriots,"1,487",2017
7,Tim DwightT. Dwight,0,46,0,32,21.87,new-england-patriots,273,2017
8,Troy BrownT. Brown,0,29,13,7,8.53,new-england-patriots,30,2017
9,Bethel JohnsonB. Johnson,0,7,5,1,4.29,new-england-patriots,11,2017
10,New England,0,11,0,40,11.00,new-england-patriots,314,2017
11,Opponents,0,29,18,42,7.85,new-england-patriots,405,2017
12,Josh MillerJ. Miller,0,76,14,76,9.64,new-england-patriots,"3,431",2017
0,26.78,"1,553",58,New England,0,0,new-england-patriots,93t,2017
1,22.75,"1,547",68,Opponents,0,1,new-england-patriots,70,2017
2,10.65,330,31,Kevin FaulkK. Faulk,5,0,new-england-patriots,43,2017
3,25.33,76,3,Chad JacksonC. Jackson,0,0,new-england-patriots,39,2017
4,8.00,16,2,Troy BrownT. Brown,9,0,new-england-patriots,12,2017
5,11.72,422,36,New England,14,0,new-england-patriots,43,2017
6,11.10,322,29,Opponents,15,0,new-england-patriots,81t,2017
0,1,Heath EvansH. Evans,0,27,13,0,new-england-patriots,13.00,2017
1,1,Mike VrabelM. Vrabel,0,13,3,0,new-england-patriots,3.00,2017
2,0,Pierre WoodsP. Woods,0,3,0,0,new-england-patriots,0.00,2017
3,0,David ThomasD. Thomas,0,0,0,1,new-england-patriots,0.00,2017
4,55,New England,0,0,"1,384",1,new-england-patriots,25.16,2017
5,92,Opponents,2,108t,"2,030",2,new-england-patriots,22.07,2017
6,25,Wes WelkerW. Welker,1,74t,249,0,new-england-patriots,9.96,2017
7,6,Troy BrownT. Brown,0,35,55,7,new-england-patriots,9.17,2017
8,2,Chad JacksonC. Jackson,0,28,7,2,new-england-patriots,3.50,2017
9,0,Kevin FaulkK. Faulk,0,6,0,0,new-england-patriots,0.00,2017
10,33,New England,0,0,311,9,new-england-patriots,9.42,2017
0,27,1,Stephen NealS. Neal,0,27.00,25,new-england-patriots,0,2017
1,26,1,Wes WelkerW. Welker,0,26.00,27,new-england-patriots,0,2017
2,"1,562",62,New England,0,25.19,26,new-england-patriots,0,2017
3,"1,672",75,Opponents,1,22.29,95t,new-england-patriots,0,2017
4,237,24,Wes WelkerW. Welker,2,9.88,92t,new-england-patriots,6,2017
5,132,10,Kevin FaulkK. Faulk,0,13.20,44,new-england-patriots,9,2017
6,2,2,Deltha O'NealD. O'Neal,0,1.00,24,new-england-patriots,1,2017
7,371,36,New England,0,10.31,2,new-england-patriots,16,2017
0,Kevin FaulkK. Faulk,0,32,0,6,21.91,new-england-patriots,144,2017
1,Brandon TateB. Tate,0,32,0,4,24.00,new-england-patriots,106,2017
2,Darius ButlerD. Butler,0,34,0,5,26.50,new-england-patriots,104,2017
3,Wes WelkerW. Welker,0,26,0,2,20.80,new-england-patriots,45,2017
4,Isaiah StanbackI. Stanback,0,27,0,1,22.50,new-england-patriots,22,2017
5,Daniel ConnollyD. Connolly,0,22,0,1,22.00,new-england-patriots,16,2017
6,New England,0,16,0,54,16.00,new-england-patriots,"1,226",2017
7,Opponents,0,52,0,70,22.70,new-england-patriots,"1,705",2017
8,Wes WelkerW. Welker,0,51,0,27,24.36,new-england-patriots,338,2017
9,Julian EdelmanJ. Edelman,0,69,16,6,12.52,new-england-patriots,63,2017
10,Kevin FaulkK. Faulk,0,35,1,5,10.50,new-england-patriots,31,2017
0,Alge CrumplerA. Crumpler,0,23,0,5,13.20,new-england-patriots,18,2017
1,BenJarvus Green-EllisB. Green-Ellis,0,7,1,1,3.60,new-england-patriots,0,2017
2,Dane FletcherD. Fletcher,0,0,0,1,0.00,new-england-patriots,0,2017
3,New England,0,0,0,56,0.00,new-england-patriots,"1,231",2017
4,Opponents,2,103t,1,81,21.98,new-england-patriots,"1,826",2017
5,Julian EdelmanJ. Edelman,1,95t,0,21,22.54,new-england-patriots,321,2017
6,Wes WelkerW. Welker,1,94t,6,5,15.29,new-england-patriots,36,2017
7,Brandon TateB. Tate,0,22,7,1,7.20,new-england-patriots,4,2017
0,0,21.85,437,20,37,Danny WoodheadD. Woodhead,new-england-patriots,0,2017
1,0,23.67,284,12,37,Julian EdelmanJ. Edelman,new-england-patriots,0,2017
2,0,21.71,152,7,32,Stevan RidleyS. Ridley,new-england-patriots,0,2017
3,0,17.00,68,4,22,Matt SlaterM. Slater,new-england-patriots,0,2017
4,0,24.00,24,1,24,Devin McCourtyD. McCourty,new-england-patriots,0,2017
5,0,11.00,11,1,11,Rob GronkowskiR. Gronkowski,new-england-patriots,0,2017
6,0,10.00,10,1,10,Rob NinkovichR. Ninkovich,new-england-patriots,0,2017
7,0,21.43,986,46,37,New England,new-england-patriots,0,2017
8,0,21.57,"1,294",60,88,Opponents,new-england-patriots,0,2017
0,0,24.22,654,27,104t,Devin McCourtyD. McCourty,new-england-patriots,1,2017
1,0,21.50,43,2,23,Danny WoodheadD. Woodhead,new-england-patriots,0,2017
2,0,19.50,39,2,20,Matt SlaterM. Slater,new-england-patriots,0,2017
3,0,12.67,38,3,32,Julian EdelmanJ. Edelman,new-england-patriots,0,2017
4,0,11.00,33,3,17,Wes WelkerW. Welker,new-england-patriots,0,2017
5,0,0.00,0,1,0,Rob GronkowskiR. Gronkowski,new-england-patriots,0,2017
6,0,21.24,807,38,104t,New England,new-england-patriots,1,2017
7,0,20.48,"1,229",60,62,Opponents,new-england-patriots,0,2017
0,0,29.06,494,17,83,LeGarrette BlountL. Blount,new-england-patriots,0,2017
1,0,23.78,214,9,41,Josh BoyceJ. Boyce,new-england-patriots,0,2017
2,0,18.86,132,7,27,Devin McCourtyD. McCourty,new-england-patriots,0,2017
3,0,22.00,66,3,24,Shane VereenS. Vereen,new-england-patriots,0,2017
4,0,19.00,19,1,19,Leon WashingtonL. Washington,new-england-patriots,0,2017
5,0,5.00,10,2,10,Matt SlaterM. Slater,new-england-patriots,0,2017
6,0,23.97,935,39,83,New England,new-england-patriots,0,2017
7,0,20.75,664,32,50,Opponents,new-england-patriots,0,2017
0,0,24.10,482,20,81,Danny AmendolaD. Amendola,new-england-patriots,0,2017
1,0,20.00,140,7,30,Patrick ChungP. Chung,new-england-patriots,0,2017
2,0,22.00,44,2,26,Matt SlaterM. Slater,new-england-patriots,0,2017
3,0,27.00,27,1,27,Devin McCourtyD. McCourty,new-england-patriots,0,2017
4,0,0.00,0,1,0,Brandon LaFellB. LaFell,new-england-patriots,0,2017
5,0,22.35,693,31,81,New England,new-england-patriots,0,2017
6,0,21.22,955,45,62,Opponents,new-england-patriots,0,2017
0,0,25.70,257,10,75,Keshawn MartinK. Martin,new-england-patriots,0,2017
1,0,21.50,172,8,29,Danny AmendolaD. Amendola,new-england-patriots,0,2017
2,0,6.00,18,3,10,Michael WilliamsM. Williams,new-england-patriots,0,2017
3,0,17.00,17,1,17,Patrick ChungP. Chung,new-england-patriots,0,2017
4,0,5.00,5,1,5,Rob GronkowskiR. Gronkowski,new-england-patriots,0,2017
5,0,0.00,0,2,0,Devin McCourtyD. McCourty,new-england-patriots,0,2017
6,0,18.76,469,25,75,New England,new-england-patriots,0,2017
7,0,18.14,526,29,50,Opponents,new-england-patriots,0,2017
0,0,22.50,180,8,43,Cyrus JonesC. Jones,new-england-patriots,0,2017
1,0,25.80,129,5,73,Danny AmendolaD. Amendola,new-england-patriots,0,2017
2,0,17.33,52,3,19,Matt SlaterM. Slater,new-england-patriots,0,2017
3,0,14.67,44,3,19,Julian EdelmanJ. Edelman,new-england-patriots,0,2017
4,0,17.50,35,2,23,Dion LewisD. Lewis,new-england-patriots,0,2017
5,0,11.67,35,3,15,James DevelinJ. Develin,new-england-patriots,0,2017
6,0,30.00,30,1,30,D.J. FosterD. Foster,new-england-patriots,0,2017
7,0,14.00,28,2,18,James WhiteJ. White,new-england-patriots,0,2017
8,0,4.50,9,2,9,Devin McCourtyD. McCourty,new-england-patriots,0,2017
9,0,18.69,542,29,73,New England,new-england-patriots,0,2017
10,0,19.27,771,40,35,Opponents,new-england-patriots,0,2017
0,0,24.78,570,23,103t,Dion LewisD. Lewis,new-england-patriots,1,2017
1,0,17.00,17,1,17,Rex BurkheadR. Burkhead,new-england-patriots,0,2017
2,0,16.00,16,1,16,Danny AmendolaD. Amendola,new-england-patriots,0,2017
3,0,7.50,15,2,12,Devin McCourtyD. McCourty,new-england-patriots,0,2017
4,0,4.00,4,1,4,Patrick ChungP. Chung,new-england-patriots,0,2017
5,0,22.21,622,28,103t,New England,new-england-patriots,1,2017
6,0,18.88,"1,095",58,34,Opponents,new-england-patriots,0,2017
0,2,Damon DunnD. Dunn,0,22,35,0,new-york-jets,17.50,2017
1,1,Fred BaxterF. Baxter,0,21,15,0,new-york-jets,15.00,2017
2,1,Jermaine WigginsJ. Wiggins,0,15,12,0,new-york-jets,12.00,2017
3,1,Jerald SowellJ. Sowell,0,12,9,0,new-york-jets,9.00,2017
4,2,Anthony BechtA. Becht,0,9,0,0,new-york-jets,0.00,2017
5,1,Tony ScottT. Scott,0,0,0,0,new-york-jets,0.00,2017
6,74,NY Jets,0,0,"1,552",0,new-york-jets,20.97,2017
7,62,Opponents,1,97t,"1,424",0,new-york-jets,22.97,2017
8,27,Dedric WardD. Ward,0,47,214,0,new-york-jets,7.93,2017
9,10,Leon JohnsonL. Johnson,0,19,62,19,new-york-jets,6.20,2017
10,1,Damon DunnD. Dunn,0,16,0,0,new-york-jets,0.00,2017
11,38,NY Jets,0,0,276,0,new-york-jets,7.26,2017
12,42,Opponents,0,19,660,19,new-york-jets,15.71,2017
0,7,1,James DearthJ. Dearth,0,7.00,23,new-york-jets,0,2017
1,6,1,Jerald SowellJ. Sowell,0,6.00,7,new-york-jets,0,2017
2,0,1,Jamie HendersonJ. Henderson,0,0.00,6,new-york-jets,0,2017
3,"1,196",56,NY Jets,0,21.36,0,new-york-jets,0,2017
4,"1,355",63,Opponents,0,21.51,50,new-york-jets,0,2017
5,122,13,Craig YeastC. Yeast,0,9.38,65,new-york-jets,6,2017
6,113,13,Chad MortonC. Morton,0,8.69,35,new-york-jets,7,2017
7,82,6,Santana MossS. Moss,0,13.67,33,new-york-jets,0,2017
8,6,2,Aaron GlennA. Glenn,0,3.00,23,new-york-jets,1,2017
0,0,13.00,13,1,13,Kevin SwayneK. Swayne,new-york-jets,0,2017
1,0,11.00,11,1,11,Dennis O'SullivanD. O'Sullivan,new-york-jets,0,2017
2,0,0.00,11,0,11,Jon McGrawJ. McGraw,new-york-jets,0,2017
3,0,9.00,9,1,9,James DearthJ. Dearth,new-york-jets,0,2017
4,0,5.00,5,1,5,James ReedJ. Reed,new-york-jets,0,2017
5,0,0.00,0,1,0,Kelvin MosesK. Moses,new-york-jets,0,2017
6,0,23.79,"1,713",72,98t,NY Jets,new-york-jets,2,2017
7,0,21.27,"1,574",74,87t,Opponents,new-york-jets,1,2017
8,8,16.52,413,25,63t,Santana MossS. Moss,new-york-jets,2,2017
9,4,12.75,51,4,21,Chad MortonC. Morton,new-york-jets,0,2017
10,12,16.00,464,29,63t,NY Jets,new-york-jets,2,2017
11,5,6.15,203,33,16,Opponents,new-york-jets,0,2017
0,48,3,Kevin SwayneK. Swayne,0,16.00,29,new-york-jets,0,2017
1,27,1,B.J. AskewB. Askew,0,27.00,23,new-york-jets,0,2017
2,8,1,J.P. MachadoJ. Machado,0,8.00,27,new-york-jets,0,2017
3,6,2,Chris BakerC. Baker,0,3.00,8,new-york-jets,1,2017
4,"1,461",60,NY Jets,0,24.35,4,new-york-jets,1,2017
5,"1,496",71,Opponents,1,21.07,90t,new-york-jets,0,2017
6,332,30,Santana MossS. Moss,0,11.07,63,new-york-jets,18,2017
7,332,30,NY Jets,0,11.07,47,new-york-jets,18,2017
8,322,22,Opponents,0,14.64,47,new-york-jets,26,2017
9,"2,655",71,Dan StryzinskiD. Stryzinski,1,37.4,78t,new-york-jets,55,2017
0,"1,038",46,NY Jets,0,22.57,13,new-york-jets,0,2017
1,"1,557",72,Opponents,1,21.62,94t,new-york-jets,0,2017
2,225,27,Santana MossS. Moss,1,8.33,87t,new-york-jets,7,2017
3,88,14,Justin McCareinsJ. McCareins,0,6.29,46,new-york-jets,6,2017
4,313,41,NY Jets,0,7.63,26,new-york-jets,13,2017
5,221,34,Opponents,0,6.50,46,new-york-jets,14,2017
0,0,11,0,5.50,Justin McCareinsJ. McCareins,11,new-york-jets,0,2017
1,0,0,1,0.00,Luke LawtonL. Lawton,0,new-york-jets,1,2017
2,0,0,0,0.00,David BarrettD. Barrett,0,new-york-jets,1,2017
3,0,0,0,0.00,NY Jets,0,new-york-jets,71,2017
4,1,95t,1,24.34,Opponents,"1,728",new-york-jets,60,2017
5,0,50,0,20.83,Jerricho CotcheryJ. Cotchery,"1,250",new-york-jets,23,2017
6,0,18,7,7.91,Justin McCareinsJ. McCareins,182,new-york-jets,5,2017
7,0,12,4,5.60,Justin MillerJ. Miller,28,new-york-jets,6,2017
8,0,12,1,1.50,NY Jets,9,new-york-jets,34,2017
9,0,18,12,6.44,Opponents,219,new-york-jets,36,2017
0,1,Brad SmithB. Smith,0,11,4,0,new-york-jets,4.00,2017
1,1,Kerry RhodesK. Rhodes,0,4,0,0,new-york-jets,0.00,2017
2,1,Laveranues ColesL. Coles,0,0,0,0,new-york-jets,0.00,2017
3,60,NY Jets,0,0,"1,445",0,new-york-jets,24.08,2017
4,69,Opponents,2,103t,"1,462",0,new-york-jets,21.19,2017
5,14,Tim DwightT. Dwight,0,39,146,0,new-york-jets,10.43,2017
6,13,Leon WashingtonL. Washington,0,18,97,9,new-york-jets,7.46,2017
7,1,Hank PoteatH. Poteat,0,38,0,6,new-york-jets,0.00,2017
8,1,Brad KassellB. Kassell,0,0,0,0,new-york-jets,0.00,2017
9,0,Jerricho CotcheryJ. Cotchery,0,0,0,0,new-york-jets,0.00,2017
0,0,28,0,15.50,David BowensD. Bowens,31,new-york-jets,3,2017
1,0,17,0,10.00,Chris BakerC. Baker,30,new-york-jets,3,2017
2,0,10,0,6.00,Sean RyanS. Ryan,18,new-york-jets,1,2017
3,0,18,0,18.00,Justin McCareinsJ. McCareins,18,new-york-jets,2,2017
4,0,12,0,7.50,Matt ChathamM. Chatham,15,new-york-jets,1,2017
5,0,5,0,5.00,NY Jets,5,new-york-jets,74,2017
6,3,98t,0,22.91,Opponents,"1,695",new-york-jets,51,2017
7,1,108t,0,24.90,Leon WashingtonL. Washington,"1,270",new-york-jets,20,2017
8,0,33,14,9.15,NY Jets,183,new-york-jets,20,2017
9,0,33,14,9.15,Opponents,183,new-york-jets,32,2017
10,0,32,13,8.38,Ben GrahamB. Graham,268,new-york-jets,66,2017
11,23,7,62,43.3,1,"2,855",new-york-jets,36.6,2017
0,9.00,9,1,Robert TurnerR. Turner,0,0,new-york-jets,9,2017
1,9.00,9,1,Dustin KellerD. Keller,0,0,new-york-jets,9,2017
2,6.00,6,1,Bubba FranksB. Franks,0,0,new-york-jets,6,2017
3,23.07,"1,407",61,NY Jets,0,0,new-york-jets,94,2017
4,21.48,"1,568",73,Opponents,0,1,new-york-jets,44,2017
5,10.45,303,29,Leon WashingtonL. Washington,9,0,new-york-jets,37,2017
6,10.45,303,29,NY Jets,9,0,new-york-jets,37,2017
7,9.93,288,29,Opponents,13,0,new-york-jets,56,2017
8,42.8,"1,884",44,Reggie HodgesR. Hodges,61,0,new-york-jets,5,2017
9,187,20,35.5,1,--,14,new-york-jets,Ben GrahamB. Graham,2017
0,5,Justin MillerJ. Miller,0,44,115,0,new-york-jets,23.00,2017
1,3,David ClowneyD. Clowney,0,27,81,0,new-york-jets,27.00,2017
2,1,Jerricho CotcheryJ. Cotchery,0,37,17,0,new-york-jets,17.00,2017
3,1,Danny WoodheadD. Woodhead,0,17,16,0,new-york-jets,16.00,2017
4,1,Eric SmithE. Smith,0,16,9,0,new-york-jets,9.00,2017
5,1,Jim LeonhardJ. Leonhard,0,9,7,0,new-york-jets,7.00,2017
6,1,Robert TurnerR. Turner,0,7,6,0,new-york-jets,6.00,2017
7,44,NY Jets,0,6,"1,074",0,new-york-jets,24.41,2017
8,70,Opponents,1,106t,"1,685",0,new-york-jets,24.07,2017
9,23,Jerricho CotcheryJ. Cotchery,2,101t,236,0,new-york-jets,10.26,2017
10,21,Jim LeonhardJ. Leonhard,0,31,173,12,new-york-jets,8.24,2017
11,2,Brad SmithB. Smith,0,37,27,13,new-york-jets,13.50,2017
0,Dwight LoweryD. Lowery,0,18,0,2,11.67,new-york-jets,26,2017
1,Kyle WilsonK. Wilson,0,14,0,2,13.00,new-york-jets,22,2017
2,Robert TurnerR. Turner,0,15,0,1,11.00,new-york-jets,11,2017
3,Matthew MulliganM. Mulligan,0,11,0,1,11.00,new-york-jets,8,2017
4,Antonio CromartieA. Cromartie,0,8,0,1,8.00,new-york-jets,-6,2017
5,NY Jets,0,-6,0,63,-6.00,new-york-jets,"1,588",2017
6,Opponents,2,97t,0,73,25.21,new-york-jets,"1,428",2017
7,Jim LeonhardJ. Leonhard,0,44,0,21,19.56,new-york-jets,238,2017
8,Kyle WilsonK. Wilson,0,32,19,15,11.33,new-york-jets,111,2017
9,Jerricho CotcheryJ. Cotchery,0,18,2,8,7.40,new-york-jets,66,2017
0,0,31.56,"1,073",34,107t,Joe McKnightJ. McKnight,new-york-jets,1,2017
1,0,24.53,417,17,46,Antonio CromartieA. Cromartie,new-york-jets,0,2017
2,0,20.00,60,3,29,Josh BakerJ. Baker,new-york-jets,0,2017
3,0,14.50,29,2,18,John ConnerJ. Conner,new-york-jets,0,2017
4,0,20.00,20,1,20,Matthew MulliganM. Mulligan,new-york-jets,0,2017
5,0,17.00,17,1,17,Kyle WilsonK. Wilson,new-york-jets,0,2017
6,0,15.00,15,1,15,Jeremy KerleyJ. Kerley,new-york-jets,0,2017
7,0,3.00,3,1,3,Darrelle RevisD. Revis,new-york-jets,0,2017
8,0,0.00,0,1,0,Garrett McIntyreG. McIntyre,new-york-jets,0,2017
9,0,-1.00,-1,1,-1,Patrick TurnerP. Turner,new-york-jets,0,2017
10,0,26.34,"1,633",62,107t,NY Jets,new-york-jets,1,2017
11,0,21.16,"1,291",61,67,Opponents,new-york-jets,0,2017
0,0,27.49,"1,072",39,100t,Joe McKnightJ. McKnight,new-york-jets,1,2017
1,0,28.80,144,5,47,Edmond GatesE. Gates,new-york-jets,0,2017
2,0,21.00,42,2,22,Antonio CromartieA. Cromartie,new-york-jets,0,2017
3,0,19.00,19,1,19,Eric SmithE. Smith,new-york-jets,0,2017
4,0,14.00,14,1,14,Konrad ReulandK. Reuland,new-york-jets,0,2017
5,0,9.00,9,1,9,Kyle WilsonK. Wilson,new-york-jets,0,2017
6,0,8.00,8,1,8,Nick BelloreN. Bellore,new-york-jets,0,2017
7,0,26.16,"1,308",50,100t,NY Jets,new-york-jets,1,2017
8,0,21.93,"1,184",54,104t,Opponents,new-york-jets,1,2017
0,0,24.50,490,20,42,Joshua CribbsJ. Cribbs,new-york-jets,0,2017
1,0,23.22,209,9,36,Edmond GatesE. Gates,new-york-jets,0,2017
2,0,27.33,164,6,41,Antonio CromartieA. Cromartie,new-york-jets,0,2017
3,0,25.00,75,3,27,Darius ReynaudD. Reynaud,new-york-jets,0,2017
4,0,22.00,22,1,22,Alexander GreenA. Green,new-york-jets,0,2017
5,0,10.00,20,2,10,Leger DouzableL. Douzable,new-york-jets,0,2017
6,0,19.00,19,1,19,Jeremy KerleyJ. Kerley,new-york-jets,0,2017
7,0,15.00,15,1,15,Tommy BohanonT. Bohanon,new-york-jets,0,2017
8,0,7.00,7,1,7,Troy DavisT. Davis,new-york-jets,0,2017
9,0,0.00,0,1,0,Nick BelloreN. Bellore,new-york-jets,0,2017
10,0,22.69,"1,021",45,42,NY Jets,new-york-jets,0,2017
11,0,22.33,938,42,71,Opponents,new-york-jets,0,2017
0,0,24.75,495,20,65,Percy HarvinP. Harvin,new-york-jets,0,2017
1,0,21.46,279,13,44,Saalim HakimS. Hakim,new-york-jets,0,2017
2,0,29.12,233,8,62,Walter PowellW. Powell,new-york-jets,0,2017
3,0,18.83,113,6,23,T.J. GrahamT. Graham,new-york-jets,0,2017
4,0,51.00,102,2,87,Chris OwusuC. Owusu,new-york-jets,0,2017
5,0,17.00,34,2,25,Bilal PowellB. Powell,new-york-jets,0,2017
6,0,24.00,24,1,24,Chris PantaleC. Pantale,new-york-jets,0,2017
7,0,21.00,21,1,21,Jace AmaroJ. Amaro,new-york-jets,0,2017
8,0,6.00,12,2,7,John ConnerJ. Conner,new-york-jets,0,2017
9,0,12.00,12,1,12,Jeremy KerleyJ. Kerley,new-york-jets,0,2017
10,0,9.00,9,1,9,Zach SudfeldZ. Sudfeld,new-york-jets,0,2017
11,0,8.00,8,1,8,Greg SalasG. Salas,new-york-jets,0,2017
12,0,23.14,"1,342",58,87,NY Jets,new-york-jets,0,2017
13,0,21.76,"1,110",51,78,Opponents,new-york-jets,0,2017
0,0,25.13,377,15,54,Antonio CromartieA. Cromartie,new-york-jets,0,2017
1,0,20.40,204,10,31,Zac StacyZ. Stacy,new-york-jets,0,2017
2,0,29.00,58,2,30,Chris OwusuC. Owusu,new-york-jets,0,2017
3,0,12.50,50,4,17,Jeff CumberlandJ. Cumberland,new-york-jets,0,2017
4,0,12.00,24,2,13,Kellen DavisK. Davis,new-york-jets,0,2017
5,0,21.00,21,1,21,Devin SmithD. Smith,new-york-jets,0,2017
6,0,20.00,20,1,20,Bilal PowellB. Powell,new-york-jets,0,2017
7,0,17.00,17,1,17,Kenbrell ThompkinsK. Thompkins,new-york-jets,0,2017
8,0,0.00,0,1,0,Trevor ReillyT. Reilly,new-york-jets,0,2017
9,0,20.84,771,37,54,NY Jets,new-york-jets,0,2017
10,0,23.84,"1,168",49,43,Opponents,new-york-jets,0,2017
0,0,24.92,324,13,65,Jalin MarshallJ. Marshall,new-york-jets,0,2017
1,0,19.00,228,12,28,Nick MarshallN. Marshall,new-york-jets,0,2017
2,0,20.36,224,11,28,Jeremy RossJ. Ross,new-york-jets,0,2017
3,0,19.20,96,5,23,C.J. SpillerC. Spiller,new-york-jets,0,2017
4,0,54.00,54,1,54,Quincy EnunwaQ. Enunwa,new-york-jets,0,2017
5,0,15.00,15,1,15,Julian HowsareJ. Howsare,new-york-jets,0,2017
6,0,21.88,941,43,65,NY Jets,new-york-jets,0,2017
7,0,22.93,665,29,96t,Opponents,new-york-jets,1,2017
0,0,20.31,325,16,32,JoJo NatsonJ. Natson,new-york-jets,0,2017
1,0,19.22,173,9,32,ArDarius StewartA. Stewart,new-york-jets,0,2017
2,0,28.33,85,3,40,Khalif RaymondK. Raymond,new-york-jets,0,2017
3,0,20.75,83,4,24,Elijah McGuireE. McGuire,new-york-jets,0,2017
4,0,10.00,10,1,10,David BassD. Bass,new-york-jets,0,2017
5,0,7.00,7,1,7,Jordan JenkinsJ. Jenkins,new-york-jets,0,2017
6,0,20.09,683,34,40,NY Jets,new-york-jets,0,2017
7,0,19.96,459,23,31,Opponents,new-york-jets,0,2017
0,0,7,0,7.00,Cornell BrownC. Brown,7,baltimore-ravens,1,2017
1,0,0,0,0.00,Baltimore,0,baltimore-ravens,45,2017
2,0,41,0,22.33,Opponents,"1,005",baltimore-ravens,73,2017
3,0,52,0,21.34,Jermaine LewisJ. Lewis,"1,558",baltimore-ravens,36,2017
4,2,89t,9,16.06,Duane StarksD. Starks,578,baltimore-ravens,9,2017
5,0,47,1,15.00,Baltimore,135,baltimore-ravens,45,2017
6,2,89t,10,15.84,Opponents,713,baltimore-ravens,41,2017
7,0,31,23,9.32,Kyle RichardsonK. Richardson,382,baltimore-ravens,86,2017
0,57,Baltimore,0,11,"1,347",0,baltimore-ravens,23.63,2017
1,64,Opponents,0,76,"1,393",0,baltimore-ravens,21.77,2017
2,42,Jermaine LewisJ. Lewis,0,51,519,0,baltimore-ravens,12.36,2017
3,5,Chris McAlisterC. McAlister,0,62,44,9,baltimore-ravens,8.80,2017
4,1,Carnell LakeC. Lake,0,24,0,1,baltimore-ravens,0.00,2017
5,48,Baltimore,0,0,563,0,baltimore-ravens,11.73,2017
6,33,Opponents,0,62,183,10,baltimore-ravens,5.55,2017
0,21,2,Ron JohnsonR. Johnson,0,10.50,63,baltimore-ravens,0,2017
1,14,1,Sam GashS. Gash,0,14.00,11,baltimore-ravens,0,2017
2,0,0,Adalius ThomasA. Thomas,0,0.00,14,baltimore-ravens,1,2017
3,0,0,Alan RicardA. Ricard,0,0.00,0,baltimore-ravens,1,2017
4,"1,433",68,Baltimore,0,21.07,0,baltimore-ravens,2,2017
5,"1,512",67,Opponents,0,22.57,64,baltimore-ravens,0,2017
6,241,15,Lamont BrightfulL. Brightful,1,16.07,94t,baltimore-ravens,10,2017
7,122,17,Chris McAlisterC. McAlister,1,7.18,95t,baltimore-ravens,4,2017
8,21,2,Jeff OgdenJ. Ogden,0,10.50,28,baltimore-ravens,0,2017
9,384,34,Baltimore,0,11.29,19,baltimore-ravens,14,2017
0,Musa SmithM. Smith,0,20,0,2,20.00,baltimore-ravens,17,2017
1,Raymond WallsR. Walls,0,15,0,1,8.50,baltimore-ravens,0,2017
2,Baltimore,0,0,0,57,0.00,baltimore-ravens,"1,222",2017
3,Opponents,0,75,0,70,21.44,baltimore-ravens,"1,495",2017
4,Lamont BrightfulL. Brightful,1,97t,0,45,21.36,baltimore-ravens,351,2017
5,Ed ReedE. Reed,0,44,20,5,7.80,baltimore-ravens,33,2017
6,Dedric WardD. Ward,0,19,3,3,6.60,baltimore-ravens,26,2017
7,Baltimore,0,16,0,53,8.67,baltimore-ravens,410,2017
0,10.45,575,55,B.J. SamsB. Sams,12,2,baltimore-ravens,78t,2017
1,8.20,41,5,Deion SandersD. Sanders,0,2,baltimore-ravens,23,2017
2,10.27,616,60,Baltimore,12,0,baltimore-ravens,78t,2017
3,7.81,281,36,Opponents,21,2,baltimore-ravens,18,2017
4,40.4,"2,948",73,Dave ZastudilD. Zastudil,61,0,baltimore-ravens,12,2017
0,60,Baltimore,0,10,"1,289",1,baltimore-ravens,21.48,2017
1,62,Opponents,0,87,"1,352",2,baltimore-ravens,21.81,2017
2,33,B.J. SamsB. Sams,0,59,401,0,baltimore-ravens,12.15,2017
3,6,Mark ClaytonM. Clayton,0,51,30,10,baltimore-ravens,5.00,2017
4,0,Deion SandersD. Sanders,0,10,0,2,baltimore-ravens,0.00,2017
5,39,Baltimore,0,0,431,1,baltimore-ravens,11.05,2017
6,55,Opponents,0,51,481,13,baltimore-ravens,8.75,2017
0,0,14.00,14,1,14,Corey IvyC. Ivy,baltimore-ravens,0,2017
1,0,11.00,11,1,11,Quinn SypniewskiQ. Sypniewski,baltimore-ravens,0,2017
2,0,23.24,"1,046",45,72,Baltimore,baltimore-ravens,0,2017
3,0,21.81,"1,636",75,46,Opponents,baltimore-ravens,0,2017
4,4,10.59,307,29,65,B.J. SamsB. Sams,baltimore-ravens,0,2017
5,3,2.85,37,13,9,Cory RossC. Ross,baltimore-ravens,0,2017
6,0,3.50,7,2,7,Corey IvyC. Ivy,baltimore-ravens,0,2017
7,0,0.00,0,1,0,Evan OglesbyE. Oglesby,baltimore-ravens,0,2017
0,0.00,0,0,Quinn SypniewskiQ. Sypniewski,1,0,baltimore-ravens,0,2017
1,23.46,"1,525",65,Baltimore,1,0,baltimore-ravens,94t,2017
2,23.67,"1,444",61,Opponents,0,1,baltimore-ravens,50,2017
3,10.69,171,16,Yamon FigursY. Figurs,9,0,baltimore-ravens,75t,2017
4,9.40,94,10,Ed ReedE. Reed,3,1,baltimore-ravens,63t,2017
5,9.25,37,4,B.J. SamsB. Sams,0,1,baltimore-ravens,16,2017
6,7.20,36,5,Cory RossC. Ross,0,0,baltimore-ravens,15,2017
7,9.66,338,35,Baltimore,12,0,baltimore-ravens,75t,2017
0,0,13,0,13.00,Mark ClaytonM. Clayton,13,baltimore-ravens,1,2017
1,0,12,0,12.00,Lorenzo NealL. Neal,12,baltimore-ravens,1,2017
2,0,2,0,2.00,Edgar JonesE. Jones,2,baltimore-ravens,1,2017
3,0,0,0,0.00,Baltimore,0,baltimore-ravens,50,2017
4,0,39,0,20.14,Opponents,"1,007",baltimore-ravens,76,2017
5,2,100t,0,22.63,Jim LeonhardJ. Leonhard,"1,720",baltimore-ravens,20,2017
6,0,46,9,11.60,Yamon FigursY. Figurs,232,baltimore-ravens,23,2017
7,0,35,11,6.00,Ed ReedE. Reed,138,baltimore-ravens,1,2017
8,0,8,0,8.00,Baltimore,8,baltimore-ravens,44,2017
9,0,46,20,8.59,Opponents,378,baltimore-ravens,38,2017
0,53,0,31.44,283,0,9,baltimore-ravens,Le'Ron McClainL. McClain,2017
1,17,0,17.00,17,0,1,baltimore-ravens,Dwan EdwardsD. Edwards,2017
2,14,0,14.00,14,0,1,baltimore-ravens,Baltimore,2017
3,95t,0,26.22,"1,547",1,59,baltimore-ravens,Opponents,2017
4,53,0,20.32,"1,565",0,77,baltimore-ravens,Chris CarrC. Carr,2017
5,34,17,8.19,262,0,32,baltimore-ravens,Ed ReedE. Reed,2017
6,9,1,4.14,29,0,7,baltimore-ravens,Lardarius WebbL. Webb,2017
0,0,19.50,117,6,26,Josh WilsonJ. Wilson,baltimore-ravens,0,2017
1,0,16.00,48,3,20,Tom ZbikowskiT. Zbikowski,baltimore-ravens,0,2017
2,0,14.00,14,1,14,Chris CarrC. Carr,baltimore-ravens,0,2017
3,1,0.00,0,0,0,Haruki NakamuraH. Nakamura,baltimore-ravens,0,2017
4,1,24.67,"1,357",55,103t,Baltimore,baltimore-ravens,1,2017
5,0,25.97,987,38,64,Opponents,baltimore-ravens,0,2017
6,12,9.48,199,21,35,Lardarius WebbL. Webb,baltimore-ravens,0,2017
7,8,6.31,101,16,20,Tom ZbikowskiT. Zbikowski,baltimore-ravens,0,2017
0,0,29.67,534,18,77,David ReedD. Reed,baltimore-ravens,0,2017
1,0,23.22,209,9,30,Tom ZbikowskiT. Zbikowski,baltimore-ravens,0,2017
2,0,21.80,109,5,37,LaQuan WilliamsL. Williams,baltimore-ravens,0,2017
3,0,29.50,59,2,37,Lardarius WebbL. Webb,baltimore-ravens,0,2017
4,0,26.50,53,2,27,Bryan McCannB. McCann,baltimore-ravens,0,2017
5,0,14.50,29,2,15,Vonta LeachV. Leach,baltimore-ravens,0,2017
6,0,24.00,24,1,24,Torrey SmithT. Smith,baltimore-ravens,0,2017
7,0,20.00,20,1,20,Chris CarrC. Carr,baltimore-ravens,0,2017
8,0,8.00,8,1,8,Haruki NakamuraH. Nakamura,baltimore-ravens,0,2017
9,0,0.00,2,0,2,Bryan MattisonB. Mattison,baltimore-ravens,0,2017
10,0,0.00,0,1,0,Edgar JonesE. Jones,baltimore-ravens,0,2017
11,0,24.93,"1,047",42,77,Baltimore,baltimore-ravens,0,2017
12,0,29.17,"1,050",36,107t,Opponents,baltimore-ravens,1,2017
0,0,30.71,"1,167",38,108t,Jacoby JonesJ. Jones,baltimore-ravens,2,2017
1,0,25.93,389,15,49,Deonte ThompsonD. Thompson,baltimore-ravens,0,2017
2,0,18.67,56,3,20,Anthony AllenA. Allen,baltimore-ravens,0,2017
3,0,12.00,12,1,12,Gino GradkowskiG. Gradkowski,baltimore-ravens,0,2017
4,0,7.00,7,1,7,Corey GrahamC. Graham,baltimore-ravens,0,2017
5,0,5.00,5,1,5,LaQuan WilliamsL. Williams,baltimore-ravens,0,2017
6,0,0.00,0,1,0,Dennis PittaD. Pitta,baltimore-ravens,0,2017
7,0,27.27,"1,636",60,108t,Baltimore,baltimore-ravens,2,2017
8,0,23.22,859,37,42,Opponents,baltimore-ravens,0,2017
0,0,28.77,892,31,77t,Jacoby JonesJ. Jones,baltimore-ravens,1,2017
1,0,28.71,201,7,47,Deonte ThompsonD. Thompson,baltimore-ravens,0,2017
2,0,26.50,53,2,31,Shaun DraughnS. Draughn,baltimore-ravens,0,2017
3,0,8.50,17,2,9,Kyle JuszczykK. Juszczyk,baltimore-ravens,0,2017
4,0,0.00,0,1,0,Vonta LeachV. Leach,baltimore-ravens,0,2017
5,0,0.00,0,1,0,Ed DicksonE. Dickson,baltimore-ravens,0,2017
6,0,26.43,"1,163",44,77t,Baltimore,baltimore-ravens,1,2017
7,0,22.97,873,38,44,Opponents,baltimore-ravens,0,2017
0,0,30.56,978,32,108t,Jacoby JonesJ. Jones,baltimore-ravens,1,2017
1,0,20.50,41,2,23,Fitzgerald ToussaintF. Toussaint,baltimore-ravens,0,2017
2,0,14.00,28,2,16,Kyle JuszczykK. Juszczyk,baltimore-ravens,0,2017
3,0,15.00,15,1,15,Lorenzo TaliaferroL. Taliaferro,baltimore-ravens,0,2017
4,0,15.00,15,1,15,Crockett GillmoreC. Gillmore,baltimore-ravens,0,2017
5,0,28.34,"1,077",38,108t,Baltimore,baltimore-ravens,1,2017
6,0,23.12,601,26,36,Opponents,baltimore-ravens,0,2017
0,0,24.50,343,14,39,Kaelin ClayK. Clay,baltimore-ravens,0,2017
1,0,29.29,205,7,46,Jeremy RossJ. Ross,baltimore-ravens,0,2017
2,0,32.80,164,5,50,Raheem MostertR. Mostert,baltimore-ravens,0,2017
3,0,26.33,79,3,29,Michael CampanaroM. Campanaro,baltimore-ravens,0,2017
4,0,28.00,28,1,28,Terrence MageeT. Magee,baltimore-ravens,0,2017
5,0,15.00,15,1,15,Za'Darius SmithZ. Smith,baltimore-ravens,0,2017
6,0,10.00,10,1,10,Nick BoyleN. Boyle,baltimore-ravens,0,2017
7,0,7.00,7,1,7,Kyle JuszczykK. Juszczyk,baltimore-ravens,0,2017
8,0,6.00,6,1,6,Maxx WilliamsM. Williams,baltimore-ravens,0,2017
9,0,25.21,857,34,50,Baltimore,baltimore-ravens,0,2017
10,0,25.44,229,9,40,Opponents,baltimore-ravens,0,2017
0,0,24.53,466,19,60,Devin HesterD. Hester,baltimore-ravens,0,2017
1,0,23.14,162,7,34,Chris MooreC. Moore,baltimore-ravens,0,2017
2,0,8.00,8,1,8,Lardarius WebbL. Webb,baltimore-ravens,0,2017
3,0,0.00,0,1,0,Nick BoyleN. Boyle,baltimore-ravens,0,2017
4,0,22.71,636,28,60,Baltimore,baltimore-ravens,0,2017
5,0,20.70,559,27,45,Opponents,baltimore-ravens,0,2017
0,0,26.62,346,13,87,Chris MooreC. Moore,baltimore-ravens,0,2017
1,0,30.73,338,11,96t,Bobby RaineyB. Rainey,baltimore-ravens,1,2017
2,0,26.50,159,6,40,Michael CampanaroM. Campanaro,baltimore-ravens,0,2017
3,0,25.00,50,2,27,Alex CollinsA. Collins,baltimore-ravens,0,2017
4,0,21.50,43,2,29,Vince MayleV. Mayle,baltimore-ravens,0,2017
5,0,27.53,936,34,96t,Baltimore,baltimore-ravens,1,2017
6,0,18.64,615,33,37,Opponents,baltimore-ravens,0,2017
0,0,22.00,22,1,22,Rodney HeathR. Heath,cincinnati-bengals,0,2017
1,0,6.00,18,3,8,Steve BushS. Bush,cincinnati-bengals,0,2017
2,0,6.00,12,2,12,Nicolas LucheyN. Luchey,cincinnati-bengals,0,2017
3,1,0.00,0,0,0,Marco BattagliaM. Battaglia,cincinnati-bengals,0,2017
4,1,18.48,"1,423",77,50,Cincinnati,cincinnati-bengals,0,2017
5,0,21.38,898,42,37,Opponents,cincinnati-bengals,0,2017
6,14,6.62,225,34,27,Craig YeastC. Yeast,cincinnati-bengals,0,2017
7,1,17.57,123,7,82t,Peter WarrickP. Warrick,cincinnati-bengals,1,2017
8,0,9.00,9,1,9,Damon GriffinD. Griffin,cincinnati-bengals,0,2017
9,15,8.50,357,42,82t,Cincinnati,cincinnati-bengals,1,2017
0,0,8,0,7.50,Cincinnati,15,cincinnati-bengals,62,2017
1,0,64,0,19.84,Opponents,"1,230",cincinnati-bengals,46,2017
2,1,101t,0,25.15,T.J. HoushmandzadehT. Houshmandzadeh,"1,157",cincinnati-bengals,12,2017
3,0,86,5,13.58,Peter WarrickP. Warrick,163,cincinnati-bengals,18,2017
4,0,31,10,6.44,Danny FarmerD. Farmer,116,cincinnati-bengals,1,2017
5,0,11,1,11.00,Cincinnati,11,cincinnati-bengals,31,2017
6,0,86,16,9.35,Opponents,290,cincinnati-bengals,47,2017
0,0,17,0,13.33,Brock GutierrezB. Gutierrez,40,cincinnati-bengals,1,2017
1,0,11,0,11.00,Ron DugansR. Dugans,11,cincinnati-bengals,1,2017
2,0,6,0,6.00,Cincinnati,6,cincinnati-bengals,85,2017
3,1,94t,0,22.41,Opponents,"1,905",cincinnati-bengals,57,2017
4,1,99t,0,20.89,T.J. HoushmandzadehT. Houshmandzadeh,"1,191",cincinnati-bengals,24,2017
5,0,34,4,4.88,Peter WarrickP. Warrick,117,cincinnati-bengals,4,2017
6,0,10,0,3.50,Danny FarmerD. Farmer,14,cincinnati-bengals,0,2017
7,0,0,4,0.00,Jeff BurrisJ. Burris,0,cincinnati-bengals,0,2017
8,0,0,1,0.00,Cincinnati,0,cincinnati-bengals,28,2017
0,23,2,Rudi JohnsonR. Johnson,0,11.50,20,cincinnati-bengals,0,2017
1,16,1,Jeremi JohnsonJ. Johnson,0,16.00,15,cincinnati-bengals,0,2017
2,13,1,Tony StewartT. Stewart,0,13.00,16,cincinnati-bengals,0,2017
3,2,1,Glen SteeleG. Steele,0,2.00,13,cincinnati-bengals,0,2017
4,"1,474",74,Cincinnati,0,19.92,2,cincinnati-bengals,0,2017
5,"1,470",71,Opponents,0,20.70,46,cincinnati-bengals,0,2017
6,273,25,Peter WarrickP. Warrick,0,10.92,45,cincinnati-bengals,8,2017
7,58,5,Jeff BurrisJ. Burris,1,11.60,68t,cincinnati-bengals,0,2017
8,331,30,Cincinnati,0,11.03,34,cincinnati-bengals,8,2017
9,403,47,Opponents,1,8.57,68t,cincinnati-bengals,7,2017
0,0,15,0,15.00,Langston MooreL. Moore,15,cincinnati-bengals,1,2017
1,0,15,0,15.00,Reggie KellyR. Kelly,15,cincinnati-bengals,1,2017
2,0,14,0,14.00,Cincinnati,14,cincinnati-bengals,68,2017
3,0,40,0,20.63,Opponents,"1,403",cincinnati-bengals,80,2017
4,0,41,0,19.66,Keiwan RatliffK. Ratliff,"1,573",cincinnati-bengals,17,2017
5,0,49,5,12.18,T.J. HoushmandzadehT. Houshmandzadeh,207,cincinnati-bengals,11,2017
6,0,28,7,8.00,Deltha O'NealD. O'Neal,88,cincinnati-bengals,7,2017
7,0,17,6,4.71,Cincinnati,33,cincinnati-bengals,35,2017
8,0,49,18,9.37,Opponents,328,cincinnati-bengals,51,2017
0,0,21.02,"1,787",85,99t,Opponents,cincinnati-bengals,1,2017
1,14,5.61,157,28,13,Keiwan RatliffK. Ratliff,cincinnati-bengals,0,2017
2,14,5.61,157,28,13,Cincinnati,cincinnati-bengals,0,2017
3,7,8.12,260,32,27,Opponents,cincinnati-bengals,0,2017
4,75,43.2,"2,591",60,8,Kyle LarsonK. Larson,cincinnati-bengals,13,2017
0,0,34,0,17.25,Tony StewartT. Stewart,69,cincinnati-bengals,1,2017
1,0,10,0,10.00,Reggie KellyR. Kelly,10,cincinnati-bengals,2,2017
2,0,8,0,4.00,Keiwan RatliffK. Ratliff,8,cincinnati-bengals,0,2017
3,0,0,1,0.00,Cincinnati,0,cincinnati-bengals,59,2017
4,0,38,1,20.49,Opponents,"1,209",cincinnati-bengals,70,2017
5,0,49,0,21.03,Keiwan RatliffK. Ratliff,"1,472",cincinnati-bengals,27,2017
6,0,38,9,6.52,Antonio ChatmanA. Chatman,176,cincinnati-bengals,8,2017
7,0,19,3,6.62,Deltha O'NealD. O'Neal,53,cincinnati-bengals,1,2017
8,0,10,2,10.00,Cincinnati,10,cincinnati-bengals,36,2017
9,0,38,14,6.64,Opponents,239,cincinnati-bengals,42,2017
0,73,Cincinnati,0,20,"1,684",0,cincinnati-bengals,23.07,2017
1,76,Opponents,1,100t,"1,732",2,cincinnati-bengals,22.79,2017
2,18,Antonio ChatmanA. Chatman,0,85,93,0,cincinnati-bengals,5.17,2017
3,9,Skyler GreenS. Green,0,19,38,8,cincinnati-bengals,4.22,2017
4,27,Cincinnati,0,9,131,10,cincinnati-bengals,4.85,2017
5,33,Opponents,0,19,299,18,cincinnati-bengals,9.06,2017
6,59,Kyle LarsonK. Larson,1,63t,"2,437",10,cincinnati-bengals,41.3,2017
0,Leon HallL. Hall,0,8,0,1,8.00,cincinnati-bengals,1,2017
1,Cincinnati,0,1,0,67,1.00,cincinnati-bengals,"1,551",2017
2,Opponents,0,60,0,47,23.15,cincinnati-bengals,"1,059",2017
3,Antonio ChatmanA. Chatman,0,87,0,21,22.53,cincinnati-bengals,158,2017
4,T.J. HoushmandzadehT. Houshmandzadeh,0,34,5,8,7.52,cincinnati-bengals,79,2017
5,Leon HallL. Hall,0,15,2,3,9.88,cincinnati-bengals,16,2017
6,Cincinnati,0,12,0,32,5.33,cincinnati-bengals,253,2017
7,Opponents,0,34,7,48,7.91,cincinnati-bengals,436,2017
8,Kyle LarsonK. Larson,1,73t,22,100,9.08,cincinnati-bengals,"3,945",2017
0,Brian LeonardB. Leonard,0,31,0,2,18.38,cincinnati-bengals,38,2017
1,Leon HallL. Hall,0,24,0,1,19.00,cincinnati-bengals,22,2017
2,Laveranues ColesL. Coles,0,22,0,1,22.00,cincinnati-bengals,14,2017
3,Daniel CoatsD. Coats,0,14,0,0,14.00,cincinnati-bengals,0,2017
4,Cincinnati,0,0,1,62,0.00,cincinnati-bengals,"1,356",2017
5,Opponents,1,96t,1,58,21.87,cincinnati-bengals,"1,289",2017
6,Quan CosbyQ. Cosby,0,58,0,40,22.22,cincinnati-bengals,474,2017
7,Cincinnati,0,60,19,40,11.85,cincinnati-bengals,474,2017
8,Opponents,0,60,19,39,11.85,cincinnati-bengals,393,2017
0,3,Quan CosbyQ. Cosby,0,32,44,0,cincinnati-bengals,14.67,2017
1,1,Leon HallL. Hall,0,18,29,0,cincinnati-bengals,29.00,2017
2,1,Reggie KellyR. Kelly,0,29,8,0,cincinnati-bengals,8.00,2017
3,71,Cincinnati,0,8,"1,551",0,cincinnati-bengals,21.85,2017
4,64,Opponents,0,60,"1,504",0,cincinnati-bengals,23.50,2017
5,30,Quan CosbyQ. Cosby,2,97t,225,0,cincinnati-bengals,7.50,2017
6,5,Adam JonesA. Jones,0,20,33,21,cincinnati-bengals,6.60,2017
7,1,Andre CaldwellA. Caldwell,0,27,0,0,cincinnati-bengals,0.00,2017
0,0,23.76,998,42,45,Brandon TateB. Tate,cincinnati-bengals,0,2017
1,0,26.00,26,1,26,Bernard ScottB. Scott,cincinnati-bengals,0,2017
2,0,10.00,10,1,10,Cedric PeermanC. Peerman,cincinnati-bengals,0,2017
3,0,4.00,4,1,4,Nate ClementsN. Clements,cincinnati-bengals,0,2017
4,0,0.00,-12,0,-12,Adam JonesA. Jones,cincinnati-bengals,0,2017
5,0,22.80,"1,026",45,45,Cincinnati,cincinnati-bengals,0,2017
6,0,20.82,916,44,51,Opponents,cincinnati-bengals,0,2017
0,10.87,"3,761",346,16,235.1,Opponents,cincinnati-bengals,71t,2017
1,Brandon TateB. Tate,"1,676",548,183,32,16,cincinnati-bengals,795,2017
2,Adam JonesA. Jones,0,45,0,3,24.84,cincinnati-bengals,64,2017
3,Cedric PeermanC. Peerman,0,31,0,2,21.33,cincinnati-bengals,37,2017
4,Orson CharlesO. Charles,0,19,0,2,18.50,cincinnati-bengals,17,2017
5,Chris PressleyC. Pressley,0,10,0,2,8.50,cincinnati-bengals,15,2017
6,Cincinnati,0,8,0,41,7.50,cincinnati-bengals,928,2017
0,0,26.11,914,35,71,Brandon TateB. Tate,cincinnati-bengals,0,2017
1,1,16.50,66,4,26,Cedric PeermanC. Peerman,cincinnati-bengals,0,2017
2,1,25.13,980,39,71,Cincinnati,cincinnati-bengals,0,2017
3,0,23.44,"1,219",52,48,Opponents,cincinnati-bengals,0,2017
0,0,31.26,844,27,97,Adam JonesA. Jones,cincinnati-bengals,0,2017
1,0,22.06,397,18,31,Brandon TateB. Tate,cincinnati-bengals,0,2017
2,0,27.58,"1,241",45,97,Cincinnati,cincinnati-bengals,0,2017
3,0,25.52,"1,123",44,77,Opponents,cincinnati-bengals,0,2017
0,0,22.94,413,18,58,Brandon TateB. Tate,cincinnati-bengals,0,2017
1,0,23.50,235,10,49,Adam JonesA. Jones,cincinnati-bengals,0,2017
2,0,11.00,44,4,20,Cedric PeermanC. Peerman,cincinnati-bengals,0,2017
3,0,6.00,6,1,6,Giovani BernardG. Bernard,cincinnati-bengals,0,2017
4,0,2.00,2,1,2,Mohamed SanuM. Sanu,cincinnati-bengals,0,2017
5,0,20.59,700,34,58,Cincinnati,cincinnati-bengals,0,2017
6,0,22.63,"1,041",46,35,Opponents,cincinnati-bengals,0,2017
0,0,27.93,810,29,84,Alex EricksonA. Erickson,cincinnati-bengals,0,2017
1,0,19.00,114,6,26,Rex BurkheadR. Burkhead,cincinnati-bengals,0,2017
2,0,19.75,79,4,23,Adam JonesA. Jones,cincinnati-bengals,0,2017
3,0,25.72,"1,003",39,84,Cincinnati,cincinnati-bengals,0,2017
4,0,22.27,891,40,65,Opponents,cincinnati-bengals,0,2017
0,0,20.72,663,32,41,Alex EricksonA. Erickson,cincinnati-bengals,0,2017
1,0,7.00,7,1,7,Giovani BernardG. Bernard,cincinnati-bengals,0,2017
2,0,0.00,0,1,0,Cethan CarterC. Carter,cincinnati-bengals,0,2017
3,0,19.71,670,34,41,Cincinnati,cincinnati-bengals,0,2017
4,0,23.17,811,35,87,Opponents,cincinnati-bengals,0,2017
0,24.00,24,1,Marc EdwardsM. Edwards,0,0,cleveland-browns,24,2017
1,10.00,20,2,Earl LittleE. Little,0,0,cleveland-browns,12,2017
2,18.00,18,1,Chester BurnettC. Burnett,0,0,cleveland-browns,18,2017
3,20.12,"1,710",85,Cleveland,0,0,cleveland-browns,62,2017
4,24.10,"1,012",42,Opponents,0,0,cleveland-browns,62,2017
5,10.70,289,27,Dennis NorthcuttD. Northcutt,12,0,cleveland-browns,30,2017
6,5.00,5,1,Lamar ChapmanL. Chapman,2,0,cleveland-browns,5,2017
7,0.00,0,1,Rashidi BarnesR. Barnes,0,0,cleveland-browns,0,2017
8,10.14,294,29,Cleveland,14,0,cleveland-browns,30,2017
9,11.49,793,69,Opponents,10,0,cleveland-browns,54,2017
0,26,0,26.00,26,0,1,cleveland-browns,Jake MorelandJ. Moreland,2017
1,14,0,14.00,14,0,1,cleveland-browns,Greg SpiresG. Spires,2017
2,13,0,13.00,13,0,1,cleveland-browns,O.J. SantiagoO. Santiago,2017
3,5,1,0.50,1,0,2,cleveland-browns,Cleveland,2017
4,51,1,20.73,"1,285",0,62,cleveland-browns,Opponents,2017
5,49,0,18.69,"1,215",0,65,cleveland-browns,Kevin JohnsonK. Johnson,2017
6,24,6,8.36,117,0,14,cleveland-browns,Dennis NorthcuttD. Northcutt,2017
7,32,9,5.73,86,0,15,cleveland-browns,Raymond JacksonR. Jackson,2017
8,43,0,43.00,43,0,1,cleveland-browns,Lamar ChapmanL. Chapman,2017
9,1,0,1.00,1,0,1,cleveland-browns,Scott FrostS. Frost,2017
10,0,1,0.00,0,0,0,cleveland-browns,Cleveland,2017
0,0,14,0,10.50,James JacksonJ. Jackson,21,cleveland-browns,1,2017
1,0,13,0,13.00,Cleveland,13,cleveland-browns,66,2017
2,1,95t,0,20.24,Opponents,"1,336",cleveland-browns,67,2017
3,0,82,0,20.39,Dennis NorthcuttD. Northcutt,"1,366",cleveland-browns,25,2017
4,2,87t,10,14.68,Andre' DavisA. Davis,367,cleveland-browns,7,2017
5,0,15,4,4.71,Lewis SandersL. Sanders,33,cleveland-browns,0,2017
6,0,19,0,0.00,Andre KingA. King,19,cleveland-browns,1,2017
7,0,15,0,15.00,Cleveland,15,cleveland-browns,33,2017
0,Barry StokesB. Stokes,0,26,0,1,19.33,cleveland-browns,7,2017
1,Chad MustardC. Mustard,0,7,0,1,7.00,cleveland-browns,6,2017
2,Jamel WhiteJ. White,0,6,0,2,6.00,cleveland-browns,2,2017
3,Cleveland,0,2,0,71,1.00,cleveland-browns,"1,501",2017
4,Opponents,0,69,0,60,21.14,cleveland-browns,"1,231",2017
5,Dennis NorthcuttD. Northcutt,0,77,0,36,20.52,cleveland-browns,295,2017
6,Andre' DavisA. Davis,0,38,10,1,8.19,cleveland-browns,7,2017
7,Cleveland,0,7,1,37,7.00,cleveland-browns,302,2017
8,Opponents,0,38,11,33,8.16,cleveland-browns,316,2017
9,Chris GardockiC. Gardocki,0,49,9,72,9.58,cleveland-browns,"3,019",2017
10,0,18,10,60,34.8,41.9,cleveland-browns,33,2017
0,13,0,9.50,19,0,2,cleveland-browns,Chad MustardC. Mustard,2017
1,9,0,6.50,13,0,2,cleveland-browns,Lewis SandersL. Sanders,2017
2,10,0,9.00,9,0,1,cleveland-browns,Cleveland,2017
3,93t,0,20.05,"1,504",1,75,cleveland-browns,Opponents,2017
4,93t,0,22.64,"1,336",1,59,cleveland-browns,Dennis NorthcuttD. Northcutt,2017
5,44,12,12.00,432,0,36,cleveland-browns,Cleveland,2017
6,44,12,12.00,432,0,36,cleveland-browns,Opponents,2017
7,49,10,6.52,313,0,48,cleveland-browns,Derrick FrostD. Frost,2017
8,4,54,40.0,"3,404",24,85,cleveland-browns,0,2017
9,Cleveland,--,313,48,85,35.4,cleveland-browns,"3,404",2017
0,3,Aaron SheaA. Shea,0,17,29,0,cleveland-browns,9.67,2017
1,2,Terrelle SmithT. Smith,0,13,24,0,cleveland-browns,12.00,2017
2,1,Jason WrightJ. Wright,0,13,17,0,cleveland-browns,17.00,2017
3,1,Frisman JacksonF. Jackson,0,17,15,0,cleveland-browns,15.00,2017
4,68,Cleveland,0,15,"1,506",0,cleveland-browns,22.15,2017
5,56,Opponents,1,90t,"1,182",0,cleveland-browns,21.11,2017
6,35,Dennis NorthcuttD. Northcutt,0,63,368,0,cleveland-browns,10.51,2017
7,1,Joshua CribbsJ. Cribbs,1,62t,5,13,cleveland-browns,5.00,2017
8,1,Sean JonesS. Jones,0,5,0,0,cleveland-browns,0.00,2017
9,37,Cleveland,0,0,373,0,cleveland-browns,10.08,2017
10,36,Opponents,1,62t,347,13,cleveland-browns,9.64,2017
0,0,2,0,2.00,Cleveland,2,cleveland-browns,71,2017
1,1,92t,0,23.03,Opponents,"1,635",cleveland-browns,48,2017
2,1,99t,0,21.94,Dennis NorthcuttD. Northcutt,"1,053",cleveland-browns,28,2017
3,0,81,13,11.14,Joshua CribbsJ. Cribbs,312,cleveland-browns,6,2017
4,0,34,3,8.50,Sean JonesS. Jones,51,cleveland-browns,1,2017
5,0,8,0,8.00,Mason UnckM. Unck,8,cleveland-browns,1,2017
6,0,0,0,0.00,Cleveland,0,cleveland-browns,36,2017
0,9,1,Joe JureviciusJ. Jurevicius,0,9.00,13,cleveland-browns,0,2017
1,"1,943",72,Cleveland,0,26.99,9,cleveland-browns,0,2017
2,"1,590",76,Opponents,2,20.92,100t,cleveland-browns,0,2017
3,405,30,Joshua CribbsJ. Cribbs,0,13.50,65,cleveland-browns,10,2017
4,405,30,Cleveland,1,13.50,76t,cleveland-browns,10,2017
5,308,34,Opponents,1,9.06,76t,cleveland-browns,8,2017
6,"2,046",49,Dave ZastudilD. Zastudil,1,41.8,94t,cleveland-browns,64,2017
0,1,Charles AliC. Ali,0,15,10,0,cleveland-browns,10.00,2017
1,1,Brad CieslakB. Cieslak,0,10,7,0,cleveland-browns,7.00,2017
2,1,Isaac SowellsI. Sowells,0,7,0,0,cleveland-browns,0.00,2017
3,1,Seth McKinneyS. McKinney,0,0,0,0,cleveland-browns,0.00,2017
4,58,Cleveland,0,0,"1,312",0,cleveland-browns,22.62,2017
5,53,Opponents,1,92t,"1,228",0,cleveland-browns,23.17,2017
6,28,Joshua CribbsJ. Cribbs,1,98t,228,0,cleveland-browns,8.14,2017
7,2,Syndric SteptoeS. Steptoe,0,32,23,7,cleveland-browns,11.50,2017
8,30,Cleveland,0,14,251,0,cleveland-browns,8.37,2017
9,32,Opponents,0,32,235,7,cleveland-browns,7.34,2017
10,75,Dave ZastudilD. Zastudil,0,44,"3,410",7,cleveland-browns,45.5,2017
0,12.00,12,1,Mike FurreyM. Furrey,0,0,cleveland-browns,12,2017
1,9.00,9,1,Jason TrusnikJ. Trusnik,0,0,cleveland-browns,9,2017
2,9.00,9,1,Greg EstandiaG. Estandia,1,0,cleveland-browns,9,2017
3,0.00,0,1,Lawrence VickersL. Vickers,0,0,cleveland-browns,0,2017
4,0.00,0,1,Abram ElamA. Elam,0,0,cleveland-browns,0,2017
5,24.20,"1,670",69,Cleveland,1,0,cleveland-browns,103t,2017
6,18.92,984,52,Opponents,0,3,cleveland-browns,46,2017
7,11.89,452,38,Joshua CribbsJ. Cribbs,3,0,cleveland-browns,67t,2017
8,4.00,4,1,Gerard LawsonG. Lawson,0,1,cleveland-browns,4,2017
9,11.69,456,39,Cleveland,3,0,cleveland-browns,67t,2017
0,55,5,Mike BellM. Bell,0,11.00,26,cleveland-browns,0,2017
1,47,4,Raymond VentroneR. Ventrone,0,11.75,31,cleveland-browns,0,2017
2,32,4,Jerome HarrisonJ. Harrison,0,8.00,17,cleveland-browns,0,2017
3,26,4,Marcus BenardM. Benard,0,6.50,10,cleveland-browns,0,2017
4,13,2,Lawrence VickersL. Vickers,0,6.50,11,cleveland-browns,0,2017
5,11,1,James DavisJ. Davis,0,11.00,10,cleveland-browns,0,2017
6,5,1,Chris GocongC. Gocong,0,5.00,11,cleveland-browns,0,2017
7,"1,191",70,Cleveland,0,17.01,5,cleveland-browns,0,2017
8,959,54,Opponents,0,17.76,37,cleveland-browns,0,2017
9,168,20,Joshua CribbsJ. Cribbs,0,8.40,32,cleveland-browns,6,2017
10,62,0,Eric WrightE. Wright,0,0.00,17,cleveland-browns,0,2017
11,5,2,Chansi StuckeyC. Stuckey,0,2.50,62,cleveland-browns,3,2017
0,0,24.97,974,39,63,Joshua CribbsJ. Cribbs,cleveland-browns,0,2017
1,0,24.00,72,3,32,Darryl SkrineD. Skrine,cleveland-browns,0,2017
2,0,11.50,46,4,13,Owen MarecicO. Marecic,cleveland-browns,0,2017
3,0,21.00,42,2,30,Mike AdamsM. Adams,cleveland-browns,0,2017
4,0,23.62,"1,134",48,63,Cleveland,cleveland-browns,0,2017
5,0,22.93,"1,055",46,101t,Opponents,cleveland-browns,1,2017
0,0,27.40,"1,178",43,74,Joshua CribbsJ. Cribbs,cleveland-browns,0,2017
1,0,25.33,76,3,29,Travis BenjaminT. Benjamin,cleveland-browns,0,2017
2,0,4.00,8,2,5,Eric HaggE. Hagg,cleveland-browns,0,2017
3,0,7.00,7,1,7,Emmanuel StephensE. Stephens,cleveland-browns,0,2017
4,0,0.00,0,1,0,James-Michael JohnsonJ. Johnson,cleveland-browns,0,2017
5,0,25.38,"1,269",50,74,Cleveland,cleveland-browns,0,2017
6,0,19.84,853,43,34,Opponents,cleveland-browns,0,2017
0,0,20.96,482,23,56,Fozzy WhittakerF. Whittaker,cleveland-browns,0,2017
1,0,21.57,151,7,30,Greg LittleG. Little,cleveland-browns,0,2017
2,0,24.50,147,6,33,Bobby RaineyB. Rainey,cleveland-browns,0,2017
3,0,48.67,146,3,86,Travis BenjaminT. Benjamin,cleveland-browns,0,2017
4,0,5.00,5,1,5,Leon McFaddenL. McFadden,cleveland-browns,0,2017
5,0,23.27,931,40,86,Cleveland,cleveland-browns,0,2017
6,0,22.67,612,27,40,Opponents,cleveland-browns,0,2017
0,0,24.77,322,13,32,Marlon MooreM. Moore,cleveland-browns,0,2017
1,0,20.50,246,12,28,Travis BenjaminT. Benjamin,cleveland-browns,0,2017
2,0,23.00,115,5,39,Shaun DraughnS. Draughn,cleveland-browns,0,2017
3,0,24.00,96,4,30,Taylor GabrielT. Gabriel,cleveland-browns,0,2017
4,0,14.00,14,1,14,Jordan PoyerJ. Poyer,cleveland-browns,0,2017
5,0,5.00,5,1,5,Jim LeonhardJ. Leonhard,cleveland-browns,0,2017
6,0,3.00,3,1,3,Craig RobertsonC. Robertson,cleveland-browns,0,2017
7,0,21.65,801,37,39,Cleveland,cleveland-browns,0,2017
8,0,22.42,695,31,41,Opponents,cleveland-browns,0,2017
0,0,28.25,339,12,40,Justin GilbertJ. Gilbert,cleveland-browns,0,2017
1,0,25.75,309,12,53,Raheem MostertR. Mostert,cleveland-browns,0,2017
2,0,22.57,158,7,28,Darius JenningsD. Jennings,cleveland-browns,0,2017
3,0,21.20,106,5,31,Shaun DraughnS. Draughn,cleveland-browns,0,2017
4,0,25.67,77,3,29,Marlon MooreM. Moore,cleveland-browns,0,2017
5,0,26.00,52,2,30,Duke JohnsonD. Johnson,cleveland-browns,0,2017
6,0,25.39,"1,041",41,53,Cleveland,cleveland-browns,0,2017
7,0,21.29,894,42,46,Opponents,cleveland-browns,0,2017
0,0,23.75,190,8,36,Mario AlfordM. Alford,cleveland-browns,0,2017
1,0,18.22,164,9,24,Ricardo LouisR. Louis,cleveland-browns,0,2017
2,0,17.12,137,8,21,George Atkinson IIIG. Atkinson,cleveland-browns,0,2017
3,0,15.86,111,7,21,Tracy HowardT. Howard,cleveland-browns,0,2017
4,0,19.00,19,1,19,Duke JohnsonD. Johnson,cleveland-browns,0,2017
5,0,13.00,13,1,13,Seth DevalveS. Devalve,cleveland-browns,0,2017
6,0,18.65,634,34,36,Cleveland,cleveland-browns,0,2017
7,0,21.25,510,24,48,Opponents,cleveland-browns,0,2017
0,0,24.28,437,18,71,Matt DayesM. Dayes,cleveland-browns,0,2017
1,0,22.71,318,14,35,Jabrill PeppersJ. Peppers,cleveland-browns,0,2017
2,0,18.00,18,1,18,Dan VitaleD. Vitale,cleveland-browns,0,2017
3,0,8.50,17,2,9,Nate OrchardN. Orchard,cleveland-browns,0,2017
4,0,22.57,790,35,71,Cleveland,cleveland-browns,0,2017
5,0,23.55,471,20,96t,Opponents,cleveland-browns,1,2017
0,1,Jerame TumanJ. Tuman,0,0,-1,0,pittsburgh-steelers,-1.00,2017
1,0,Bobby ShawB. Shaw,0,-1,-8,0,pittsburgh-steelers,0.00,2017
2,58,Pittsburgh,0,-8,"1,221",0,pittsburgh-steelers,21.05,2017
3,69,Opponents,1,98t,"1,496",0,pittsburgh-steelers,21.68,2017
4,36,Hank PoteatH. Poteat,0,62,467,0,pittsburgh-steelers,12.97,2017
5,2,Bobby ShawB. Shaw,1,54,17,7,pittsburgh-steelers,8.50,2017
6,4,Courtney HawkinsC. Hawkins,0,10,15,1,pittsburgh-steelers,3.75,2017
7,0,Troy EdwardsT. Edwards,0,9,0,11,pittsburgh-steelers,0.00,2017
8,42,Pittsburgh,0,0,499,1,pittsburgh-steelers,11.88,2017
0,1,Bobby ShawB. Shaw,0,9,2,0,pittsburgh-steelers,2.00,2017
1,46,Pittsburgh,0,2,884,0,pittsburgh-steelers,19.22,2017
2,73,Opponents,0,81,"1,561",0,pittsburgh-steelers,21.38,2017
3,36,Hank PoteatH. Poteat,1,95t,292,0,pittsburgh-steelers,8.11,2017
4,10,Troy EdwardsT. Edwards,0,39,83,14,pittsburgh-steelers,8.30,2017
5,4,Bobby ShawB. Shaw,0,28,45,0,pittsburgh-steelers,11.25,2017
6,50,Pittsburgh,0,23,420,1,pittsburgh-steelers,8.40,2017
7,28,Opponents,0,39,334,15,pittsburgh-steelers,11.93,2017
0,0,12.00,12,1,12,Rodney BaileyR. Bailey,pittsburgh-steelers,0,2017
1,0,7.00,7,1,7,John AllredJ. Allred,pittsburgh-steelers,0,2017
2,0,21.44,"1,544",72,99t,Pittsburgh,pittsburgh-steelers,1,2017
3,0,21.42,"1,671",78,96t,Opponents,pittsburgh-steelers,1,2017
4,11,6.95,257,37,29,Antwaan Randle ElA. Randle El,pittsburgh-steelers,0,2017
5,2,7.25,29,4,11,Hank PoteatH. Poteat,pittsburgh-steelers,0,2017
6,0,4.00,4,1,4,Chad ScottC. Scott,pittsburgh-steelers,0,2017
7,13,6.90,290,42,29,Pittsburgh,pittsburgh-steelers,0,2017
0,0,53,0,20.66,Opponents,"1,405",pittsburgh-steelers,66,2017
1,1,100t,0,20.59,Antwaan Randle ElA. Randle El,"1,359",pittsburgh-steelers,45,2017
2,2,84t,12,12.04,Chris DoeringC. Doering,542,pittsburgh-steelers,0,2017
3,0,9,0,0.00,Pittsburgh,9,pittsburgh-steelers,45,2017
4,2,84t,12,12.24,Opponents,551,pittsburgh-steelers,47,2017
5,0,45,12,6.36,Josh MillerJ. Miller,299,pittsburgh-steelers,84,2017
0,0,13,0,13.00,Pittsburgh,13,pittsburgh-steelers,62,2017
1,0,48,0,21.53,Opponents,"1,335",pittsburgh-steelers,74,2017
2,1,91t,0,21.55,Antwaan Randle ElA. Randle El,"1,595",pittsburgh-steelers,42,2017
3,0,60,13,8.26,Ricardo ColcloughR. Colclough,347,pittsburgh-steelers,1,2017
4,0,13,0,13.00,Verron HaynesV. Haynes,13,pittsburgh-steelers,1,2017
5,0,5,0,5.00,Pittsburgh,5,pittsburgh-steelers,44,2017
6,0,60,13,8.30,Opponents,365,pittsburgh-steelers,34,2017
0,0,11.50,23,2,12,Brett KeiselB. Keisel,pittsburgh-steelers,0,2017
1,0,16.00,16,1,16,Antwaan Randle ElA. Randle El,pittsburgh-steelers,0,2017
2,0,3.00,3,1,3,Dan KreiderD. Kreider,pittsburgh-steelers,0,2017
3,0,-2.00,-2,1,-2,James HarrisonJ. Harrison,pittsburgh-steelers,0,2017
4,0,21.57,"1,208",56,74,Pittsburgh,pittsburgh-steelers,0,2017
5,0,21.88,"1,685",77,94,Opponents,pittsburgh-steelers,0,2017
6,12,10.18,448,44,81t,Antwaan Randle ElA. Randle El,pittsburgh-steelers,2,2017
7,0,19.00,19,1,19,Ike TaylorI. Taylor,pittsburgh-steelers,0,2017
8,0,3.00,3,1,3,Chidi IwuomaC. Iwuoma,pittsburgh-steelers,0,2017
9,1,0.00,0,0,0,James HarrisonJ. Harrison,pittsburgh-steelers,0,2017
0,0,26,0,26.00,Willie ReidW. Reid,26,pittsburgh-steelers,1,2017
1,0,19,0,19.00,Cedrick WilsonC. Wilson,19,pittsburgh-steelers,1,2017
2,0,11,0,11.00,Travis KirschkeT. Kirschke,11,pittsburgh-steelers,1,2017
3,0,0,0,0.00,Pittsburgh,0,pittsburgh-steelers,55,2017
4,0,76,0,22.07,Opponents,"1,214",pittsburgh-steelers,70,2017
5,1,92t,0,22.43,Santonio HolmesS. Holmes,"1,570",pittsburgh-steelers,26,2017
6,1,65t,21,10.15,Willie ReidW. Reid,264,pittsburgh-steelers,1,2017
7,0,11,0,11.00,Ricardo ColcloughR. Colclough,11,pittsburgh-steelers,4,2017
8,0,3,0,1.50,Cedrick WilsonC. Wilson,6,pittsburgh-steelers,2,2017
9,0,3,1,2.00,Ike TaylorI. Taylor,4,pittsburgh-steelers,1,2017
0,0,0,1,0.00,Pittsburgh,0,pittsburgh-steelers,52,2017
1,1,98t,1,22.02,Opponents,"1,145",pittsburgh-steelers,73,2017
2,1,100t,0,22.56,Allen RossumA. Rossum,"1,647",pittsburgh-steelers,36,2017
3,0,49,8,6.44,Cedrick WilsonC. Wilson,232,pittsburgh-steelers,2,2017
4,0,6,1,3.00,William GayW. Gay,6,pittsburgh-steelers,1,2017
5,0,0,0,0.00,Pittsburgh,0,pittsburgh-steelers,39,2017
6,0,49,9,6.10,Opponents,238,pittsburgh-steelers,31,2017
0,1,Tyrone CarterT. Carter,0,24,16,0,pittsburgh-steelers,16.00,2017
1,1,Matt SpaethM. Spaeth,0,16,3,0,pittsburgh-steelers,3.00,2017
2,50,Pittsburgh,0,3,"1,013",1,pittsburgh-steelers,20.26,2017
3,71,Opponents,0,43,"1,357",1,pittsburgh-steelers,19.11,2017
4,34,Santonio HolmesS. Holmes,0,40,226,0,pittsburgh-steelers,6.65,2017
5,6,Mewelde MooreM. Moore,0,35,21,7,pittsburgh-steelers,3.50,2017
6,1,Limas SweedL. Sweed,0,12,0,12,pittsburgh-steelers,0.00,2017
7,41,Pittsburgh,0,0,247,0,pittsburgh-steelers,6.02,2017
8,40,Opponents,0,35,247,19,pittsburgh-steelers,6.17,2017
0,0,26.00,26,1,26,Mike WallaceM. Wallace,pittsburgh-steelers,0,2017
1,0,7.67,23,3,13,Joe BurnettJ. Burnett,pittsburgh-steelers,0,2017
2,0,13.00,13,1,13,Carey DavisC. Davis,pittsburgh-steelers,0,2017
3,0,8.00,8,1,8,Rashard MendenhallR. Mendenhall,pittsburgh-steelers,0,2017
4,1,1.00,1,1,1,Matt SpaethM. Spaeth,pittsburgh-steelers,0,2017
5,1,0.00,0,0,0,Nicholas EasonN. Eason,pittsburgh-steelers,0,2017
6,2,23.95,"1,581",66,83,Pittsburgh,pittsburgh-steelers,0,2017
7,0,24.26,"1,795",74,98t,Opponents,pittsburgh-steelers,4,2017
8,15,9.33,280,30,25,Stefan LoganS. Logan,pittsburgh-steelers,0,2017
9,1,3.00,6,2,3,Santonio HolmesS. Holmes,pittsburgh-steelers,0,2017
0,0,20.25,81,4,21,Isaac RedmanI. Redman,pittsburgh-steelers,0,2017
1,0,15.67,47,3,17,Mewelde MooreM. Moore,pittsburgh-steelers,0,2017
2,0,23.53,"1,153",49,89t,Pittsburgh,pittsburgh-steelers,1,2017
3,0,20.00,"1,540",77,97t,Opponents,pittsburgh-steelers,1,2017
4,1,5.79,110,19,21,Antonio BrownA. Brown,pittsburgh-steelers,0,2017
5,1,15.00,60,4,38,Emmanuel SandersE. Sanders,pittsburgh-steelers,0,2017
0,0,27.30,737,27,52,Antonio BrownA. Brown,pittsburgh-steelers,0,2017
1,0,18.60,93,5,25,Emmanuel SandersE. Sanders,pittsburgh-steelers,0,2017
2,0,19.00,19,1,19,Jerricho CotcheryJ. Cotchery,pittsburgh-steelers,0,2017
3,0,18.00,18,1,18,Isaac RedmanI. Redman,pittsburgh-steelers,0,2017
4,0,10.00,10,1,10,Mewelde MooreM. Moore,pittsburgh-steelers,0,2017
5,0,25.06,877,35,52,Pittsburgh,pittsburgh-steelers,0,2017
6,0,23.67,"1,018",43,45,Opponents,pittsburgh-steelers,0,2017
0,0,26.54,"1,035",39,68,Chris RaineyC. Rainey,pittsburgh-steelers,0,2017
1,0,27.00,27,1,27,Emmanuel SandersE. Sanders,pittsburgh-steelers,0,2017
2,0,16.00,16,1,16,David PaulsonD. Paulson,pittsburgh-steelers,0,2017
3,0,8.00,8,1,8,Will JohnsonW. Johnson,pittsburgh-steelers,0,2017
4,1,0.00,0,1,0,Leonard PopeL. Pope,pittsburgh-steelers,0,2017
5,1,25.26,"1,086",43,68,Pittsburgh,pittsburgh-steelers,0,2017
6,0,23.98,"1,103",46,51,Opponents,pittsburgh-steelers,0,2017
0,11.40,"3,751",329,16,234.4,Opponents,pittsburgh-steelers,81t,2017
1,Felix JonesF. Jones,"1,591",565,174,23,21,pittsburgh-steelers,510,2017
2,Emmanuel SandersE. Sanders,0,42,0,10,22.17,pittsburgh-steelers,268,2017
3,Jonathan DwyerJ. Dwyer,0,46,0,4,26.80,pittsburgh-steelers,90,2017
4,Markus WheatonM. Wheaton,0,27,0,2,22.50,pittsburgh-steelers,37,2017
5,LaRod Stephens-HowlingL. Stephens-Howling,0,25,0,1,18.50,pittsburgh-steelers,25,2017
6,Antonio BrownA. Brown,0,25,0,1,25.00,pittsburgh-steelers,16,2017
7,Cameron HeywardC. Heyward,0,16,0,1,16.00,pittsburgh-steelers,11,2017
8,Michael PalmerM. Palmer,0,11,0,1,11.00,pittsburgh-steelers,5,2017
9,Pittsburgh,0,5,0,43,5.00,pittsburgh-steelers,962,2017
0,0,24.70,494,20,41,Markus WheatonM. Wheaton,pittsburgh-steelers,0,2017
1,0,17.89,161,9,23,Dri ArcherD. Archer,pittsburgh-steelers,0,2017
2,0,20.60,103,5,29,LeGarrette BlountL. Blount,pittsburgh-steelers,0,2017
3,0,0.00,0,1,0,Antonio BrownA. Brown,pittsburgh-steelers,0,2017
4,0,21.66,758,35,41,Pittsburgh,pittsburgh-steelers,0,2017
5,0,23.13,"1,249",54,108t,Opponents,pittsburgh-steelers,1,2017
0,11.59,"4,661",402,16,291.3,Opponents,pittsburgh-steelers,80t,2017
1,Dri ArcherD. Archer,"2,016",619,231,14,29,pittsburgh-steelers,354,2017
2,Jacoby JonesJ. Jones,0,38,0,9,25.29,pittsburgh-steelers,220,2017
3,Markus WheatonM. Wheaton,0,36,0,5,24.44,pittsburgh-steelers,105,2017
4,Jordan TodmanJ. Todman,0,28,0,1,21.00,pittsburgh-steelers,22,2017
5,Pittsburgh,0,22,0,29,22.00,pittsburgh-steelers,701,2017
0,0,21.38,278,13,33,Fitzgerald ToussaintF. Toussaint,pittsburgh-steelers,0,2017
1,0,25.00,150,6,44,Sammie CoatesS. Coates,pittsburgh-steelers,0,2017
2,0,16.60,83,5,20,Cobi HamiltonC. Hamilton,pittsburgh-steelers,0,2017
3,0,23.00,69,3,32,Justin GilbertJ. Gilbert,pittsburgh-steelers,0,2017
4,0,23.00,23,1,23,Antonio BrownA. Brown,pittsburgh-steelers,0,2017
5,0,21.54,603,28,44,Pittsburgh,pittsburgh-steelers,0,2017
6,0,24.72,717,29,72,Opponents,pittsburgh-steelers,0,2017
0,12.15,"3,610",297,16,225.6,Opponents,pittsburgh-steelers,75t,2017
1,JuJu Smith-SchusterJ. Smith-Schuster,"1,726",485,157,9,20,pittsburgh-steelers,240,2017
2,Martavis BryantM. Bryant,1,96t,0,9,26.67,pittsburgh-steelers,151,2017
3,Terrell WatsonT. Watson,0,38,0,7,16.78,pittsburgh-steelers,140,2017
4,Fitzgerald ToussaintF. Toussaint,0,25,0,6,20.00,pittsburgh-steelers,94,2017
5,Robert GoldenR. Golden,0,23,0,1,15.67,pittsburgh-steelers,5,2017
6,Xavier GrimbleX. Grimble,0,5,0,1,5.00,pittsburgh-steelers,0,2017
7,Pittsburgh,0,0,0,33,0.00,pittsburgh-steelers,630,2017
0,9,1,Corey SearsC. Sears,0,9.00,10,houston-texans,0,2017
1,0,2,Charles HillC. Hill,0,0.00,9,houston-texans,0,2017
2,0,1,Frank MurphyF. Murphy,0,0.00,0,houston-texans,0,2017
3,"1,529",77,Houston,0,19.86,0,houston-texans,0,2017
4,"1,156",52,Opponents,0,22.23,49,houston-texans,0,2017
5,280,36,Jermaine LewisJ. Lewis,1,7.78,95t,houston-texans,17,2017
6,188,14,Avion BlackA. Black,0,13.43,48,houston-texans,3,2017
7,47,0,Aaron GlennA. Glenn,1,0.00,76t,houston-texans,0,2017
8,-3,3,Jabar GaffneyJ. Gaffney,0,-1.00,47,houston-texans,0,2017
0,0,22,0,15.67,Jonathan WellsJ. Wells,47,houston-texans,2,2017
1,0,14,0,12.00,Terrance MartinT. Martin,24,houston-texans,1,2017
2,0,0,0,0.00,Houston,0,houston-texans,80,2017
3,0,70,0,21.25,Opponents,"1,700",houston-texans,53,2017
4,0,49,0,21.68,J.J. MosesJ. Moses,"1,149",houston-texans,36,2017
5,0,40,7,6.78,Jabar GaffneyJ. Gaffney,244,houston-texans,4,2017
6,0,15,1,5.50,Houston,22,houston-texans,40,2017
7,0,40,8,6.65,Opponents,266,houston-texans,43,2017
8,1,73t,37,9.47,Chad StanleyC. Stanley,407,houston-texans,97,2017
0,25,2,Moran NorrisM. Norris,0,12.50,16,houston-texans,0,2017
1,23,1,Tony HollingsT. Hollings,0,23.00,15,houston-texans,0,2017
2,14,1,Kendrick StarlingK. Starling,0,14.00,23,houston-texans,0,2017
3,"1,450",69,Houston,0,21.01,14,houston-texans,0,2017
4,"1,386",60,Opponents,0,23.10,49,houston-texans,0,2017
5,309,36,J.J. MosesJ. Moses,1,8.58,99t,houston-texans,13,2017
6,22,4,Aaron GlennA. Glenn,0,5.50,27,houston-texans,0,2017
7,-2,0,Dunta RobinsonD. Robinson,0,0.00,18,houston-texans,0,2017
8,329,40,Houston,0,8.22,-2,houston-texans,13,2017
0,0,29,0,29.00,Mark BruenerM. Bruener,29,houston-texans,1,2017
1,0,11,0,11.00,Moran NorrisM. Norris,11,houston-texans,1,2017
2,0,2,0,2.00,Houston,2,houston-texans,84,2017
3,2,99t,0,25.87,Opponents,"2,173",houston-texans,55,2017
4,0,71,0,21.71,Phillip BuchanonP. Buchanon,"1,194",houston-texans,12,2017
5,0,37,6,8.42,Jerome MathisJ. Mathis,101,houston-texans,12,2017
6,0,19,0,5.67,Donovan MorganD. Morgan,68,houston-texans,3,2017
7,0,23,0,10.00,Domanick WilliamsD. Williams,30,houston-texans,3,2017
8,0,21,1,8.00,Houston,24,houston-texans,30,2017
0,23,0,16.75,67,0,4,houston-texans,Derrick LewisD. Lewis,2017
1,27,0,27.00,27,0,1,houston-texans,Roc AlexanderR. Alexander,2017
2,18,0,18.00,18,0,1,houston-texans,Kailee WongK. Wong,2017
3,17,0,0.00,17,0,0,houston-texans,Travis JohnsonT. Johnson,2017
4,17,0,17.00,17,0,1,houston-texans,Mark BruenerM. Bruener,2017
5,8,0,8.00,8,0,1,houston-texans,Jameel CookJ. Cook,2017
6,2,0,2.00,2,0,1,houston-texans,Houston,2017
7,87,0,22.66,"1,609",0,71,houston-texans,Opponents,2017
8,93t,0,23.37,"1,215",1,52,houston-texans,Dexter WynnD. Wynn,2017
9,58,9,11.58,139,0,12,houston-texans,Phillip BuchanonP. Buchanon,2017
10,45,2,9.88,79,0,8,houston-texans,Edell ShepherdE. Shepherd,2017
11,14,2,8.00,24,0,3,houston-texans,Derrick LewisD. Lewis,2017
12,0,2,0.00,0,0,0,houston-texans,Houston,2017
13,58,15,10.52,242,0,23,houston-texans,Opponents,2017
0,14,0,13.00,26,0,2,houston-texans,Kevin WalterK. Walter,2017
1,7,0,7.00,7,0,1,houston-texans,Michael BoulwareM. Boulware,2017
2,6,0,0.00,6,0,0,houston-texans,Houston,2017
3,104t,0,26.50,"1,961",4,74,houston-texans,Opponents,2017
4,52,0,23.09,"1,593",0,69,houston-texans,Jacoby JonesJ. Jones,2017
5,74,7,9.53,286,0,30,houston-texans,Dexter WynnD. Wynn,2017
6,4,1,0.50,1,0,2,houston-texans,David AndersonD. Anderson,2017
7,0,0,0.00,0,0,1,houston-texans,Houston,2017
8,74,8,8.70,287,0,33,houston-texans,Opponents,2017
9,22,17,7.95,151,0,19,houston-texans,Matt TurkM. Turk,2017
0,17,1,Chris TaylorC. Taylor,0,17.00,15,houston-texans,0,2017
1,7,1,Chris WhiteC. White,0,7.00,17,houston-texans,0,2017
2,7,1,Cecil SappC. Sapp,0,7.00,7,houston-texans,0,2017
3,0,1,Kevin WalterK. Walter,0,0.00,7,houston-texans,0,2017
4,"1,550",72,Houston,0,21.53,0,houston-texans,0,2017
5,"1,630",73,Opponents,0,22.33,50,houston-texans,0,2017
6,386,32,Jacoby JonesJ. Jones,0,12.06,49,houston-texans,17,2017
7,386,32,Houston,2,12.06,73t,houston-texans,17,2017
8,235,21,Opponents,2,11.19,73t,houston-texans,14,2017
9,"2,240",53,Matt TurkM. Turk,1,42.3,80t,houston-texans,59,2017
0,0,15,0,11.50,Glenn MartinezG. Martinez,23,houston-texans,1,2017
1,0,6,0,6.00,Kevin WalterK. Walter,6,houston-texans,1,2017
2,0,0,0,0.00,DelJuan RobinsonD. Robinson,0,houston-texans,1,2017
3,0,0,0,0.00,James CaseyJ. Casey,0,houston-texans,1,2017
4,0,0,0,0.00,John BusingJ. Busing,0,houston-texans,1,2017
5,0,0,0,0.00,Houston,0,houston-texans,64,2017
6,1,95t,0,22.64,Opponents,"1,449",houston-texans,71,2017
7,0,71,0,22.49,Jacoby JonesJ. Jones,"1,597",houston-texans,39,2017
8,0,62,14,10.92,Glenn MartinezG. Martinez,426,houston-texans,6,2017
9,0,11,1,3.83,Houston,23,houston-texans,45,2017
0,0,13.33,40,3,26,Vonta LeachV. Leach,houston-texans,0,2017
1,0,25.00,25,1,25,Sherrick McManisS. McManis,houston-texans,0,2017
2,0,0.00,0,1,0,Earl MitchellE. Mitchell,houston-texans,0,2017
3,0,19.79,"1,326",67,50,Houston,houston-texans,0,2017
4,0,24.18,"1,741",72,103t,Opponents,houston-texans,1,2017
5,15,7.03,204,29,39,Jacoby JonesJ. Jones,houston-texans,0,2017
6,1,6.50,26,4,17,David AndersonD. Anderson,houston-texans,0,2017
0,0,27.38,356,13,46,Danieal ManningD. Manning,houston-texans,0,2017
1,0,20.50,205,10,45,Sherrick McManisS. McManis,houston-texans,0,2017
2,0,33.80,169,5,50,Quintin DempsQ. Demps,houston-texans,0,2017
3,0,0.00,0,1,0,James CaseyJ. Casey,houston-texans,0,2017
4,0,25.17,730,29,50,Houston,houston-texans,0,2017
5,0,22.39,"1,030",46,63,Opponents,houston-texans,0,2017
0,0,23.90,741,31,54,Keshawn MartinK. Martin,houston-texans,0,2017
1,0,19.40,194,10,30,Trindon HollidayT. Holliday,houston-texans,0,2017
2,0,18.00,18,1,18,Danieal ManningD. Manning,houston-texans,0,2017
3,0,0.00,0,1,0,Shiloh KeoS. Keo,houston-texans,0,2017
4,0,0.00,0,1,0,James CaseyJ. Casey,houston-texans,0,2017
5,0,21.66,953,44,54,Houston,houston-texans,0,2017
6,0,25.73,"1,595",62,101t,Opponents,houston-texans,2,2017
0,0,26.31,947,36,50,Keshawn MartinK. Martin,houston-texans,0,2017
1,0,25.17,151,6,32,Dennis JohnsonD. Johnson,houston-texans,0,2017
2,0,20.80,104,5,31,Deji KarimD. Karim,houston-texans,0,2017
3,0,20.00,20,1,20,Cierre WoodC. Wood,houston-texans,0,2017
4,0,18.00,18,1,18,Danieal ManningD. Manning,houston-texans,0,2017
5,0,17.00,17,1,17,Greg JonesG. Jones,houston-texans,0,2017
6,0,0.00,0,1,0,Jared CrickJ. Crick,houston-texans,0,2017
7,0,24.65,"1,257",51,50,Houston,houston-texans,0,2017
8,0,25.74,"1,004",39,57,Opponents,houston-texans,0,2017
0,0,20.54,267,13,41,Danieal ManningD. Manning,houston-texans,0,2017
1,0,22.67,136,6,31,Damaris JohnsonD. Johnson,houston-texans,0,2017
2,0,19.00,19,1,19,Keshawn MartinK. Martin,houston-texans,0,2017
3,0,21.10,422,20,41,Houston,houston-texans,0,2017
4,0,25.98,"1,169",45,42,Opponents,houston-texans,0,2017
0,0,24.14,338,14,41,Keith MumpheryK. Mumphery,houston-texans,0,2017
1,0,23.00,46,2,23,Quintin DempsQ. Demps,houston-texans,0,2017
2,0,27.00,27,1,27,Chandler WorthyC. Worthy,houston-texans,0,2017
3,0,19.00,19,1,19,Akeem HuntA. Hunt,houston-texans,0,2017
4,0,23.89,430,18,41,Houston,houston-texans,0,2017
5,0,24.43,977,40,50,Opponents,houston-texans,0,2017
0,0,18.79,263,14,33,Tyler ErvinT. Ervin,houston-texans,0,2017
1,0,21.56,194,9,39,Akeem HuntA. Hunt,houston-texans,0,2017
2,0,13.67,41,3,17,Braxton MillerB. Miller,houston-texans,0,2017
3,0,15.50,31,2,19,Will FullerW. Fuller,houston-texans,0,2017
4,0,18.00,18,1,18,Charles JamesC. James,houston-texans,0,2017
5,0,10.00,10,1,10,Jay ProschJ. Prosch,houston-texans,0,2017
6,0,18.57,557,30,39,Houston,houston-texans,0,2017
7,0,23.65,"1,135",48,100t,Opponents,houston-texans,1,2017
0,0,21.71,369,17,42,Chris ThompsonC. Thompson,houston-texans,0,2017
1,0,18.60,93,5,24,Tyler ErvinT. Ervin,houston-texans,0,2017
2,0,21.00,84,4,25,Jordan TodmanJ. Todman,houston-texans,0,2017
3,0,12.00,12,1,12,D'Onta ForemanD. Foreman,houston-texans,0,2017
4,0,20.67,558,27,42,Houston,houston-texans,0,2017
5,0,20.26,547,27,48,Opponents,houston-texans,0,2017
0,22.50,45,2,Mustafah MuhammadM. Muhammad,0,0,indianapolis-colts,26,2017
1,10.00,10,1,Bernard HolseyB. Holsey,0,0,indianapolis-colts,10,2017
2,0.00,0,1,Ken DilgerK. Dilger,0,0,indianapolis-colts,0,2017
3,0.00,0,1,David MacklinD. Macklin,0,0,indianapolis-colts,0,2017
4,19.91,"1,155",58,Indianapolis,0,0,indianapolis-colts,48,2017
5,23.78,"1,736",73,Opponents,0,0,indianapolis-colts,92t,2017
6,8.28,240,29,Terrence WilkinsT. Wilkins,13,1,indianapolis-colts,36,2017
7,15.43,108,7,Payton WilliamsP. Williams,1,0,indianapolis-colts,40,2017
8,2.00,4,2,Mustafah MuhammadM. Muhammad,0,0,indianapolis-colts,4,2017
0,0,13.50,27,2,15,Tony SimmonsT. Simmons,indianapolis-colts,0,2017
1,0,23.00,23,1,23,Trevor InsleyT. Insley,indianapolis-colts,0,2017
2,0,7.50,15,2,9,Chukie NwokorieC. Nwokorie,indianapolis-colts,0,2017
3,0,13.00,13,1,13,Jerome PathonJ. Pathon,indianapolis-colts,0,2017
4,0,0.00,0,1,0,Chad CotaC. Cota,indianapolis-colts,0,2017
5,0,21.81,"1,832",84,88t,Indianapolis,indianapolis-colts,1,2017
6,0,23.06,"2,006",87,64,Opponents,indianapolis-colts,0,2017
7,4,10.43,219,21,78t,Terrence WilkinsT. Wilkins,indianapolis-colts,1,2017
8,8,10.14,71,7,33,Trevor InsleyT. Insley,indianapolis-colts,0,2017
9,0,0.00,0,1,0,Nick HarperN. Harper,indianapolis-colts,0,2017
10,12,10.00,290,29,78t,Indianapolis,indianapolis-colts,1,2017
0,1,Detron SmithD. Smith,0,14,16,0,indianapolis-colts,16.00,2017
1,1,Jason DoeringJ. Doering,0,16,2,0,indianapolis-colts,2.00,2017
2,64,Indianapolis,0,2,"1,310",0,indianapolis-colts,20.47,2017
3,74,Opponents,0,44,"1,515",0,indianapolis-colts,20.47,2017
4,35,Troy WaltersT. Walters,0,67,270,0,indianapolis-colts,7.71,2017
5,0,Clifton CrosbyC. Crosby,0,34,6,15,indianapolis-colts,0.00,2017
6,2,Joe WalkerJ. Walker,0,6,6,0,indianapolis-colts,3.00,2017
7,0,Drew HaddadD. Haddad,0,5,0,0,indianapolis-colts,0.00,2017
8,37,Indianapolis,0,0,282,1,indianapolis-colts,7.62,2017
0,1,Detron SmithD. Smith,0,23,15,0,indianapolis-colts,15.00,2017
1,1,Marcus PollardM. Pollard,0,15,9,0,indianapolis-colts,9.00,2017
2,2,James MungroJ. Mungro,0,9,7,0,indianapolis-colts,3.50,2017
3,1,Brian AllenB. Allen,0,5,6,0,indianapolis-colts,6.00,2017
4,64,Indianapolis,0,6,"1,510",0,indianapolis-colts,23.59,2017
5,93,Opponents,0,90,"1,999",0,indianapolis-colts,21.49,2017
6,12,Brad PyattB. Pyatt,2,92t,110,0,indianapolis-colts,9.17,2017
7,11,Troy WaltersT. Walters,0,21,105,8,indianapolis-colts,9.55,2017
8,7,Terrence WilkinsT. Wilkins,0,26,25,7,indianapolis-colts,3.57,2017
9,0,Marvin HarrisonM. Harrison,0,16,0,0,indianapolis-colts,0.00,2017
10,1,David MacklinD. Macklin,0,0,0,1,indianapolis-colts,0.00,2017
0,1,0.00,0,0,0,Tupe PekoT. Peko,indianapolis-colts,0,2017
1,1,23.41,"1,545",66,88t,Indianapolis,indianapolis-colts,1,2017
2,0,21.30,"1,960",92,71,Opponents,indianapolis-colts,0,2017
3,4,6.25,50,8,13,Jason DavidJ. David,indianapolis-colts,0,2017
4,5,5.88,47,8,13,Brad PyattB. Pyatt,indianapolis-colts,0,2017
5,6,5.71,40,7,14,Troy WaltersT. Walters,indianapolis-colts,0,2017
6,0,34.00,34,1,34,Aaron MooreheadA. Moorehead,indianapolis-colts,0,2017
0,0,11,0,11.00,Ben UtechtB. Utecht,11,indianapolis-colts,1,2017
1,0,7,0,7.00,Indianapolis,7,indianapolis-colts,51,2017
2,0,39,0,19.94,Opponents,"1,017",indianapolis-colts,89,2017
3,1,89t,0,22.22,Troy WaltersT. Walters,"1,978",indianapolis-colts,21,2017
4,0,29,25,8.19,Marvin HarrisonM. Harrison,172,indianapolis-colts,1,2017
5,0,10,0,10.00,Marlin JacksonM. Jackson,10,indianapolis-colts,1,2017
6,0,0,0,0.00,Jason DavidJ. David,0,indianapolis-colts,1,2017
7,0,0,0,0.00,Indianapolis,0,indianapolis-colts,24,2017
0,3,1,Darrell ReidD. Reid,0,3.00,4,indianapolis-colts,0,2017
1,1,1,Kelvin HaydenK. Hayden,0,1.00,3,indianapolis-colts,0,2017
2,"1,368",58,Indianapolis,0,23.59,1,indianapolis-colts,0,2017
3,"2,029",78,Opponents,0,26.01,70,indianapolis-colts,0,2017
4,193,21,Terrence WilkinsT. Wilkins,2,9.19,103t,indianapolis-colts,13,2017
5,14,2,T.J. RushingT. Rushing,1,7.00,82t,indianapolis-colts,2,2017
6,207,23,Indianapolis,0,9.00,8,indianapolis-colts,15,2017
7,327,25,Opponents,1,13.08,82t,indianapolis-colts,9,2017
0,0,15,0,15.00,Indianapolis,15,indianapolis-colts,53,2017
1,0,47,0,21.83,Opponents,"1,157",indianapolis-colts,81,2017
2,3,94t,0,25.05,T.J. RushingT. Rushing,"2,029",indianapolis-colts,19,2017
3,1,90t,14,13.11,Craphonso ThorpeC. Thorpe,249,indianapolis-colts,6,2017
4,0,29,0,5.17,Indianapolis,31,indianapolis-colts,25,2017
5,1,90t,14,11.20,Opponents,280,indianapolis-colts,22,2017
6,1,74,13,13.86,Hunter SmithH. Smith,305,indianapolis-colts,52,2017
0,12,0,12.00,12,0,1,indianapolis-colts,Jacob TammeJ. Tamme,2017
1,11,0,11.00,11,0,1,indianapolis-colts,Keyunta DawsonK. Dawson,2017
2,11,0,11.00,11,0,1,indianapolis-colts,Marvin HarrisonM. Harrison,2017
3,3,0,3.00,3,0,1,indianapolis-colts,Philip WheelerP. Wheeler,2017
4,0,0,0.00,0,0,1,indianapolis-colts,Indianapolis,2017
5,46,0,20.83,"1,312",0,63,indianapolis-colts,Opponents,2017
6,50,0,24.29,"1,700",0,70,indianapolis-colts,Keiwan RatliffK. Ratliff,2017
7,19,12,5.56,89,0,16,indianapolis-colts,Justin ForsettJ. Forsett,2017
8,25,1,9.00,36,0,4,indianapolis-colts,Pierre GarconP. Garcon,2017
9,5,0,5.00,5,0,1,indianapolis-colts,Marvin HarrisonM. Harrison,2017
10,2,0,2.00,2,0,1,indianapolis-colts,Indianapolis,2017
11,25,13,6.00,132,0,22,indianapolis-colts,Opponents,2017
0,0,36,0,24.40,Donald BrownD. Brown,122,indianapolis-colts,1,2017
1,0,21,0,21.00,Jamie SilvaJ. Silva,21,indianapolis-colts,1,2017
2,0,19,0,19.00,Keyunta DawsonK. Dawson,19,indianapolis-colts,1,2017
3,0,14,0,14.00,Gijon RobinsonG. Robinson,14,indianapolis-colts,1,2017
4,0,10,0,10.00,Austin CollieA. Collie,10,indianapolis-colts,1,2017
5,0,8,0,8.00,Indianapolis,8,indianapolis-colts,55,2017
6,1,93t,0,22.16,Opponents,"1,219",indianapolis-colts,60,2017
7,1,106t,0,25.32,T.J. RushingT. Rushing,"1,519",indianapolis-colts,21,2017
8,0,22,22,5.67,Jamie SilvaJ. Silva,119,indianapolis-colts,7,2017
9,0,7,1,4.57,Tim JenningsT. Jennings,32,indianapolis-colts,1,2017
0,Brandon JamesB. James,0,27,0,14,21.00,indianapolis-colts,229,2017
1,Kenneth MooreK. Moore,0,26,0,5,16.36,indianapolis-colts,102,2017
2,Cornelius BrownC. Brown,0,27,0,5,20.40,indianapolis-colts,102,2017
3,Tyjuan HaglerT. Hagler,0,23,0,1,20.40,indianapolis-colts,41,2017
4,Javarris JamesJ. James,1,41t,0,3,41.00,indianapolis-colts,16,2017
5,Eric FosterE. Foster,0,16,0,1,5.33,indianapolis-colts,12,2017
6,Indianapolis,0,12,0,67,12.00,indianapolis-colts,"1,310",2017
7,Opponents,1,41t,0,73,19.55,indianapolis-colts,"1,880",2017
8,Blair WhiteB. White,1,99t,0,10,25.75,indianapolis-colts,80,2017
9,Jerraud PowersJ. Powers,0,18,14,8,8.00,indianapolis-colts,63,2017
10,Kenneth MooreK. Moore,0,13,4,6,7.88,indianapolis-colts,36,2017
0,0,18.65,578,31,51,Joe YoungJ. Young,indianapolis-colts,0,2017
1,0,18.65,578,31,51,Indianapolis,indianapolis-colts,0,2017
2,0,30.74,584,19,76,Opponents,indianapolis-colts,0,2017
0,0,36.44,328,9,101t,Deji KarimD. Karim,indianapolis-colts,1,2017
1,0,20.90,209,10,40,Cassius VaughnC. Vaughn,indianapolis-colts,0,2017
2,0,20.50,123,6,34,Tom ZbikowskiT. Zbikowski,indianapolis-colts,0,2017
3,0,16.86,118,7,26,T.Y. HiltonT. Hilton,indianapolis-colts,0,2017
4,0,17.00,68,4,19,Joe YoungJ. Young,indianapolis-colts,0,2017
5,0,16.67,50,3,24,Mewelde MooreM. Moore,indianapolis-colts,0,2017
6,0,16.67,50,3,20,LaVon BrazillL. Brazill,indianapolis-colts,0,2017
7,0,11.00,11,1,11,Bradley SowellB. Sowell,indianapolis-colts,0,2017
8,0,22.26,957,43,101t,Indianapolis,indianapolis-colts,1,2017
9,0,24.74,841,34,50,Opponents,indianapolis-colts,0,2017
0,12.22,"3,959",324,16,247.4,Opponents,indianapolis-colts,81t,2017
1,David ReedD. Reed,"1,834",523,191,24,21,indianapolis-colts,590,2017
2,Cassius VaughnC. Vaughn,0,39,0,5,24.58,indianapolis-colts,142,2017
3,Chris RaineyC. Rainey,0,33,0,6,28.40,indianapolis-colts,131,2017
4,LaVon BrazillL. Brazill,0,27,0,3,21.83,indianapolis-colts,57,2017
5,Tashard ChoiceT. Choice,0,21,0,1,19.00,indianapolis-colts,28,2017
6,Kerwynn WilliamsK. Williams,0,28,0,1,28.00,indianapolis-colts,28,2017
7,Griff WhalenG. Whalen,0,28,0,1,28.00,indianapolis-colts,22,2017
8,Dan HerronD. Herron,0,22,0,1,22.00,indianapolis-colts,13,2017
9,Daniel AdongoD. Adongo,0,13,0,1,13.00,indianapolis-colts,0,2017
10,Indianapolis,0,0,0,43,0.00,indianapolis-colts,"1,011",2017
0,0,32.00,608,19,76,Joshua CribbsJ. Cribbs,indianapolis-colts,0,2017
1,0,25.27,379,15,32,Griff WhalenG. Whalen,indianapolis-colts,0,2017
2,0,26.00,78,3,32,Dan HerronD. Herron,indianapolis-colts,0,2017
3,0,0.00,0,1,0,T.Y. HiltonT. Hilton,indianapolis-colts,0,2017
4,0,28.03,"1,065",38,76,Indianapolis,indianapolis-colts,0,2017
5,0,22.58,587,26,52,Opponents,indianapolis-colts,0,2017
0,0,27.14,570,21,60,Quan BrayQ. Bray,indianapolis-colts,0,2017
1,0,27.11,244,9,50,Griff WhalenG. Whalen,indianapolis-colts,0,2017
2,0,25.17,151,6,30,Tyler VargaT. Varga,indianapolis-colts,0,2017
3,0,23.00,23,1,23,Zurlon TiptonZ. Tipton,indianapolis-colts,0,2017
4,0,11.00,22,2,12,Jack DoyleJ. Doyle,indianapolis-colts,0,2017
5,0,15.00,15,1,15,T.Y. McGillT. McGill,indianapolis-colts,0,2017
6,0,12.00,12,1,12,Phillip DorsettP. Dorsett,indianapolis-colts,0,2017
7,0,5.00,5,1,5,Donte MoncriefD. Moncrief,indianapolis-colts,0,2017
8,0,5.00,5,1,5,Colt AndersonC. Anderson,indianapolis-colts,0,2017
9,0,24.35,"1,047",43,60,Indianapolis,indianapolis-colts,0,2017
10,0,19.50,156,8,41,Opponents,indianapolis-colts,0,2017
0,0,29.88,478,16,99t,Jordan TodmanJ. Todman,indianapolis-colts,1,2017
1,0,25.67,231,9,39,Quan BrayQ. Bray,indianapolis-colts,0,2017
2,0,20.00,80,4,24,Josh FergusonJ. Ferguson,indianapolis-colts,0,2017
3,0,10.00,10,1,10,Austin BlytheA. Blythe,indianapolis-colts,0,2017
4,0,2.50,5,2,5,T.Y. HiltonT. Hilton,indianapolis-colts,0,2017
5,0,25.12,804,32,99t,Indianapolis,indianapolis-colts,1,2017
6,0,21.15,825,39,40,Opponents,indianapolis-colts,0,2017
0,0,23.89,430,18,60,Quan BrayQ. Bray,indianapolis-colts,0,2017
1,0,17.20,86,5,20,Josh FergusonJ. Ferguson,indianapolis-colts,0,2017
2,0,23.00,69,3,34,Marlon MackM. Mack,indianapolis-colts,0,2017
3,0,5.00,5,1,5,Chester RogersC. Rogers,indianapolis-colts,0,2017
4,0,0.00,0,1,0,Tarell BashamT. Basham,indianapolis-colts,0,2017
5,0,21.07,590,28,60,Indianapolis,indianapolis-colts,0,2017
6,0,19.17,441,23,40,Opponents,indianapolis-colts,0,2017
0,67,4,Alvis WhittedA. Whitted,0,16.75,28,jacksonville-jaguars,0,2017
1,50,2,Jermaine WilliamsJ. Williams,0,25.00,20,jacksonville-jaguars,0,2017
2,0,1,Todd FordhamT. Fordham,0,0.00,30,jacksonville-jaguars,0,2017
3,0,1,Emarlos LeroyE. Leroy,0,0.00,0,jacksonville-jaguars,0,2017
4,"1,323",62,Jacksonville,0,21.34,0,jacksonville-jaguars,0,2017
5,"1,523",73,Opponents,0,20.86,47,jacksonville-jaguars,0,2017
6,200,29,Reggie BarlowR. Barlow,1,6.90,66,jacksonville-jaguars,14,2017
7,108,14,R. Jay SowardR. Soward,0,7.71,21,jacksonville-jaguars,5,2017
8,25,3,Keenan McCardellK. McCardell,0,8.33,18,jacksonville-jaguars,0,2017
9,333,46,Jacksonville,0,7.24,22,jacksonville-jaguars,19,2017
0,14,2,Rob MeierR. Meier,0,7.00,31,jacksonville-jaguars,0,2017
1,8,1,Paul SpicerP. Spicer,0,8.00,8,jacksonville-jaguars,0,2017
2,4,1,Ryan PrinceR. Prince,0,4.00,8,jacksonville-jaguars,0,2017
3,0,1,James BoydJ. Boyd,0,0.00,4,jacksonville-jaguars,0,2017
4,"1,164",58,Jacksonville,0,20.07,0,jacksonville-jaguars,0,2017
5,"1,266",64,Opponents,1,19.78,95t,jacksonville-jaguars,0,2017
6,333,38,Damon GibsonD. Gibson,0,8.76,49,jacksonville-jaguars,22,2017
7,333,38,Jacksonville,0,8.76,24,jacksonville-jaguars,22,2017
8,295,38,Opponents,0,7.76,24,jacksonville-jaguars,15,2017
9,"3,577",82,Chris HansonC. Hanson,0,43.6,43,jacksonville-jaguars,59,2017
0,Patrick WashingtonP. Washington,0,22,0,5,17.67,jacksonville-jaguars,35,2017
1,Jimmy RedmondJ. Redmond,0,11,0,1,7.00,jacksonville-jaguars,32,2017
2,Paul SpicerP. Spicer,0,32,0,1,32.00,jacksonville-jaguars,12,2017
3,Joe TuipalaJ. Tuipala,0,12,0,1,12.00,jacksonville-jaguars,3,2017
4,Chris LuzarC. Luzar,0,3,0,1,3.00,jacksonville-jaguars,0,2017
5,Kevin LockettK. Lockett,0,0,0,1,0.00,jacksonville-jaguars,-2,2017
6,Jacksonville,0,-2,0,62,-2.00,jacksonville-jaguars,"1,165",2017
7,Opponents,0,54,0,59,18.79,jacksonville-jaguars,"1,151",2017
8,Bobby ShawB. Shaw,0,45,0,25,19.51,jacksonville-jaguars,310,2017
9,Jason CraftJ. Craft,1,69t,17,1,12.40,jacksonville-jaguars,1,2017
10,Damon GibsonD. Gibson,0,1,0,1,1.00,jacksonville-jaguars,0,2017
11,Ike CharltonI. Charlton,0,0,0,1,0.00,jacksonville-jaguars,0,2017
0,20,0,20.00,20,0,1,jacksonville-jaguars,Kyle BradyK. Brady,2017
1,10,0,10.00,10,0,1,jacksonville-jaguars,Rashean MathisR. Mathis,2017
2,7,0,7.00,7,0,1,jacksonville-jaguars,Jacksonville,2017
3,61,0,19.64,"1,316",0,67,jacksonville-jaguars,Opponents,2017
4,58,0,21.16,"1,227",0,58,jacksonville-jaguars,David AllenD. Allen,2017
5,52,15,12.00,324,0,27,jacksonville-jaguars,Jermaine LewisJ. Lewis,2017
6,14,0,9.00,45,0,5,jacksonville-jaguars,Rashean MathisR. Mathis,2017
7,6,3,3.50,7,0,2,jacksonville-jaguars,Jacksonville,2017
8,52,18,11.06,376,0,34,jacksonville-jaguars,Opponents,2017
9,40,3,10.50,420,0,40,jacksonville-jaguars,Mark RoyalsM. Royals,2017
0,Marc EdwardsM. Edwards,0,15,0,1,15.00,jacksonville-jaguars,8,2017
1,Jacksonville,0,8,0,57,8.00,jacksonville-jaguars,"1,087",2017
2,Opponents,0,45,0,50,19.07,jacksonville-jaguars,995,2017
3,Jermaine LewisJ. Lewis,0,52,0,23,19.90,jacksonville-jaguars,227,2017
4,David AllenD. Allen,0,50,7,15,9.87,jacksonville-jaguars,144,2017
5,Troy EdwardsT. Edwards,0,32,2,3,9.60,jacksonville-jaguars,26,2017
6,Rashean MathisR. Mathis,0,14,1,1,8.67,jacksonville-jaguars,8,2017
7,Jacksonville,0,8,0,42,8.00,jacksonville-jaguars,405,2017
8,Opponents,0,50,10,38,9.64,jacksonville-jaguars,429,2017
0,50,Jacksonville,0,0,"1,197",0,jacksonville-jaguars,23.94,2017
1,56,Opponents,1,91t,"1,327",0,jacksonville-jaguars,23.70,2017
2,49,Alvin PearmanA. Pearman,0,85,410,0,jacksonville-jaguars,8.37,2017
3,3,Chad OwensC. Owens,0,24,6,15,jacksonville-jaguars,2.00,2017
4,1,Rashean MathisR. Mathis,0,6,-1,0,jacksonville-jaguars,-1.00,2017
5,53,Jacksonville,0,-1,415,0,jacksonville-jaguars,7.83,2017
6,29,Opponents,0,24,236,15,jacksonville-jaguars,8.14,2017
0,9,1,LaBrandon ToefieldL. Toefield,0,9.00,9,jacksonville-jaguars,0,2017
1,8,1,Richard CollierR. Collier,0,8.00,9,jacksonville-jaguars,0,2017
2,4,1,Montell OwensM. Owens,0,4.00,8,jacksonville-jaguars,0,2017
3,"1,136",49,Jacksonville,0,23.18,4,jacksonville-jaguars,0,2017
4,"1,262",60,Opponents,1,21.03,93t,jacksonville-jaguars,0,2017
5,283,32,Alvin PearmanA. Pearman,0,8.84,70,jacksonville-jaguars,16,2017
6,56,9,Chad OwensC. Owens,0,6.22,29,jacksonville-jaguars,5,2017
7,13,1,Maurice Jones-DrewM. Jones-Drew,0,13.00,13,jacksonville-jaguars,0,2017
8,9,2,Rashean MathisR. Mathis,0,4.50,13,jacksonville-jaguars,1,2017
0,1,John BroussardJ. Broussard,0,29,20,0,jacksonville-jaguars,20.00,2017
1,1,Isaac SmolkoI. Smolko,0,20,12,0,jacksonville-jaguars,12.00,2017
2,1,Derek LandriD. Landri,0,12,0,0,jacksonville-jaguars,0.00,2017
3,49,Jacksonville,0,0,"1,110",0,jacksonville-jaguars,22.65,2017
4,67,Opponents,1,100t,"1,323",0,jacksonville-jaguars,19.75,2017
5,26,Dennis NorthcuttD. Northcutt,2,104t,240,0,jacksonville-jaguars,9.23,2017
6,0,Scott StarksS. Starks,0,37,56,13,jacksonville-jaguars,0.00,2017
7,3,Maurice Jones-DrewM. Jones-Drew,0,56,28,0,jacksonville-jaguars,9.33,2017
8,1,Chad OwensC. Owens,0,17,0,0,jacksonville-jaguars,0.00,2017
9,1,Chad NkangC. Nkang,0,0,0,1,jacksonville-jaguars,0.00,2017
0,Jacksonville,0,14,0,74,14.00,jacksonville-jaguars,"1,678",2017
1,Opponents,0,51,0,51,22.68,jacksonville-jaguars,"1,015",2017
2,Brian WitherspoonB. Witherspoon,0,52,0,17,19.90,jacksonville-jaguars,192,2017
3,Maurice Jones-DrewM. Jones-Drew,0,38,9,7,11.29,jacksonville-jaguars,69,2017
4,Dennis NorthcuttD. Northcutt,0,15,1,5,9.86,jacksonville-jaguars,14,2017
5,Jacksonville,0,9,7,29,2.80,jacksonville-jaguars,275,2017
6,Opponents,0,38,17,31,9.48,jacksonville-jaguars,269,2017
7,Adam PodleshA. Podlesh,0,28,19,46,8.68,jacksonville-jaguars,"1,989",2017
0,3,Rashad JenningsR. Jennings,0,30,56,0,jacksonville-jaguars,18.67,2017
1,3,Montell OwensM. Owens,0,24,49,0,jacksonville-jaguars,16.33,2017
2,2,Tiquan UnderwoodT. Underwood,0,29,38,0,jacksonville-jaguars,19.00,2017
3,2,Zach MillerZ. Miller,0,24,19,0,jacksonville-jaguars,9.50,2017
4,1,Atiyyah EllisonA. Ellison,0,16,16,0,jacksonville-jaguars,16.00,2017
5,1,Ernest WilfordE. Wilford,0,16,0,0,jacksonville-jaguars,0.00,2017
6,66,Jacksonville,0,0,"1,492",0,jacksonville-jaguars,22.61,2017
7,47,Opponents,0,43,"1,069",0,jacksonville-jaguars,22.74,2017
8,14,Mike ThomasM. Thomas,1,93t,118,0,jacksonville-jaguars,8.43,2017
9,7,Brian WitherspoonB. Witherspoon,0,44,78,4,jacksonville-jaguars,11.14,2017
10,2,Maurice Jones-DrewM. Jones-Drew,0,42,19,3,jacksonville-jaguars,9.50,2017
0,Montell OwensM. Owens,0,30,0,1,30.00,jacksonville-jaguars,22,2017
1,Zach MillerZ. Miller,0,22,0,1,22.00,jacksonville-jaguars,22,2017
2,Zach PotterZ. Potter,0,22,0,1,22.00,jacksonville-jaguars,15,2017
3,Brock BolenB. Bolen,0,15,0,1,15.00,jacksonville-jaguars,5,2017
4,Ernest WilfordE. Wilford,0,5,0,1,5.00,jacksonville-jaguars,0,2017
5,Jacksonville,0,0,0,80,0.00,jacksonville-jaguars,"1,903",2017
6,Opponents,0,65,0,59,23.79,jacksonville-jaguars,"1,266",2017
7,Mike ThomasM. Thomas,1,46,0,34,21.46,jacksonville-jaguars,358,2017
8,Tyron BrackenridgeT. Brackenridge,1,78t,7,1,10.53,jacksonville-jaguars,1,2017
9,Kassim OsgoodK. Osgood,0,1,0,1,1.00,jacksonville-jaguars,0,2017
0,0,24.15,652,27,37,Deji KarimD. Karim,jacksonville-jaguars,0,2017
1,0,22.00,308,14,35,DuJuan HarrisD. Harris,jacksonville-jaguars,0,2017
2,0,20.50,82,4,23,Cecil ShortsC. Shorts,jacksonville-jaguars,0,2017
3,0,13.00,13,1,13,Montell OwensM. Owens,jacksonville-jaguars,0,2017
4,0,0.00,0,1,0,Zach PotterZ. Potter,jacksonville-jaguars,0,2017
5,0,22.45,"1,055",47,37,Jacksonville,jacksonville-jaguars,0,2017
6,0,24.31,632,26,46,Opponents,jacksonville-jaguars,0,2017
0,0,24.10,241,10,29,Rashad JenningsR. Jennings,jacksonville-jaguars,0,2017
1,0,23.30,233,10,38,Jalen ParmeleJ. Parmele,jacksonville-jaguars,0,2017
2,0,19.67,118,6,24,Micheal SpurlockM. Spurlock,jacksonville-jaguars,0,2017
3,0,23.60,118,5,32,Richard MurphyR. Murphy,jacksonville-jaguars,0,2017
4,0,19.50,117,6,24,Jordan ShipleyJ. Shipley,jacksonville-jaguars,0,2017
5,0,19.80,99,5,32,Quan CosbyQ. Cosby,jacksonville-jaguars,0,2017
6,0,19.50,78,4,24,Jordan TodmanJ. Todman,jacksonville-jaguars,0,2017
7,0,21.67,65,3,25,Keith TostonK. Toston,jacksonville-jaguars,0,2017
8,0,17.00,34,2,20,Mike ThomasM. Thomas,jacksonville-jaguars,0,2017
9,0,11.00,11,1,11,Zach PotterZ. Potter,jacksonville-jaguars,0,2017
10,0,0.00,0,1,0,George SelvieG. Selvie,jacksonville-jaguars,0,2017
11,0,21.02,"1,114",53,38,Jacksonville,jacksonville-jaguars,0,2017
12,0,25.87,"1,009",39,55,Opponents,jacksonville-jaguars,0,2017
0,0,27.38,712,26,59,Jordan TodmanJ. Todman,jacksonville-jaguars,0,2017
1,0,24.75,99,4,32,Stephen BurtonS. Burton,jacksonville-jaguars,0,2017
2,0,22.00,88,4,27,Denard RobinsonD. Robinson,jacksonville-jaguars,0,2017
3,0,25.00,75,3,31,Ace SandersA. Sanders,jacksonville-jaguars,0,2017
4,0,30.00,60,2,43,Kerry TaylorK. Taylor,jacksonville-jaguars,0,2017
5,0,21.00,21,1,21,Justin ForsettJ. Forsett,jacksonville-jaguars,0,2017
6,0,5.00,5,1,5,Will Ta'ufo'ouW. Ta'ufo'ou,jacksonville-jaguars,0,2017
7,0,25.85,"1,060",41,59,Jacksonville,jacksonville-jaguars,0,2017
8,0,20.36,509,25,47,Opponents,jacksonville-jaguars,0,2017
0,0,25.58,972,38,40,Jordan TodmanJ. Todman,jacksonville-jaguars,0,2017
1,1,11.00,22,2,15,Ryan DavisR. Davis,jacksonville-jaguars,0,2017
2,0,16.00,16,1,16,Ace SandersA. Sanders,jacksonville-jaguars,0,2017
3,0,12.00,12,1,12,Tyson AlualuT. Alualu,jacksonville-jaguars,0,2017
4,0,11.00,11,1,11,Mike BrownM. Brown,jacksonville-jaguars,0,2017
5,1,24.02,"1,033",43,40,Jacksonville,jacksonville-jaguars,0,2017
6,0,23.45,516,22,50,Opponents,jacksonville-jaguars,0,2017
0,0,26.62,346,13,36,Nick MarshallN. Marshall,jacksonville-jaguars,0,2017
1,0,27.50,220,8,42,Corey GrantC. Grant,jacksonville-jaguars,0,2017
2,0,20.00,80,4,28,Bryan WaltersB. Walters,jacksonville-jaguars,0,2017
3,0,27.00,54,2,31,Denard RobinsonD. Robinson,jacksonville-jaguars,0,2017
4,0,10.50,21,2,13,Joe BanyardJ. Banyard,jacksonville-jaguars,0,2017
5,0,0.00,0,2,0,Abry JonesA. Jones,jacksonville-jaguars,0,2017
6,0,23.26,721,31,42,Jacksonville,jacksonville-jaguars,0,2017
7,0,24.04,553,23,54,Opponents,jacksonville-jaguars,0,2017
0,0,30.28,545,18,100t,Marqise LeeM. Lee,jacksonville-jaguars,1,2017
1,0,20.62,268,13,32,Corey GrantC. Grant,jacksonville-jaguars,0,2017
2,0,19.50,39,2,23,Bryan WaltersB. Walters,jacksonville-jaguars,0,2017
3,0,8.00,16,2,16,Arrelious BennA. Benn,jacksonville-jaguars,0,2017
4,0,13.00,13,1,13,Denard RobinsonD. Robinson,jacksonville-jaguars,0,2017
5,0,0.00,0,1,0,Chris SmithC. Smith,jacksonville-jaguars,0,2017
6,0,23.81,881,37,100t,Jacksonville,jacksonville-jaguars,1,2017
7,0,21.00,273,13,53,Opponents,jacksonville-jaguars,0,2017
0,0,24.89,473,19,68,Corey GrantC. Grant,jacksonville-jaguars,0,2017
1,0,13.00,26,2,14,Keelan ColeK. Cole,jacksonville-jaguars,0,2017
2,0,10.00,20,2,20,Jaydon MickensJ. Mickens,jacksonville-jaguars,0,2017
3,0,18.00,18,1,18,Jalen MyrickJ. Myrick,jacksonville-jaguars,0,2017
4,0,14.00,14,1,14,Tommy BohanonT. Bohanon,jacksonville-jaguars,0,2017
5,0,22.04,551,25,68,Jacksonville,jacksonville-jaguars,0,2017
6,0,20.43,817,40,103t,Opponents,jacksonville-jaguars,1,2017
0,10,1,Mike LeachM. Leach,0,10.00,15,tennessee-titans,0,2017
1,"1,227",47,Tennessee,0,26.11,10,tennessee-titans,0,2017
2,"1,587",76,Opponents,0,20.88,66,tennessee-titans,0,2017
3,662,51,Derrick MasonD. Mason,0,12.98,38,tennessee-titans,17,2017
4,9,1,Yancey ThigpenY. Thigpen,1,9.00,69t,tennessee-titans,1,2017
5,0,1,Denard WalkerD. Walker,0,0.00,9,tennessee-titans,0,2017
6,671,53,Tennessee,0,12.66,0,tennessee-titans,18,2017
0,10.00,20,2,Mike GreenM. Green,0,0,tennessee-titans,12,2017
1,14.00,14,1,Erron KinneyE. Kinney,0,0,tennessee-titans,14,2017
2,11.00,11,1,Drew BennettD. Bennett,0,0,tennessee-titans,11,2017
3,10.00,10,1,Kevin LongK. Long,0,0,tennessee-titans,10,2017
4,3.00,3,1,Samari RolleS. Rolle,0,0,tennessee-titans,3,2017
5,19.90,"1,413",71,Tennessee,0,0,tennessee-titans,101t,2017
6,24.88,"1,418",57,Opponents,0,1,tennessee-titans,81,2017
7,6.40,128,20,Derrick MasonD. Mason,19,0,tennessee-titans,20,2017
8,8.93,125,14,Joe WalkerJ. Walker,4,0,tennessee-titans,36,2017
9,14.50,29,2,Justin McCareinsJ. McCareins,0,0,tennessee-titans,18,2017
10,7.83,282,36,Tennessee,23,0,tennessee-titans,36,2017
11,7.33,264,36,Opponents,20,0,tennessee-titans,31,2017
0,0,10,0,10.00,Tennessee,10,tennessee-titans,50,2017
1,0,48,0,19.64,Opponents,982,tennessee-titans,74,2017
2,0,54,0,20.03,John SimonJ. Simon,"1,482",tennessee-titans,13,2017
3,0,30,6,8.69,Derrick MasonD. Mason,113,tennessee-titans,9,2017
4,0,21,12,6.67,Justin McCareinsJ. McCareins,60,tennessee-titans,6,2017
5,0,16,4,7.33,Tennessee,44,tennessee-titans,28,2017
6,0,30,22,7.75,Opponents,217,tennessee-titans,28,2017
0,0,25,0,18.25,Robert HolcombeR. Holcombe,73,tennessee-titans,4,2017
1,0,20,0,9.50,Erron KinneyE. Kinney,38,tennessee-titans,3,2017
2,0,17,0,12.33,Shad MeierS. Meier,37,tennessee-titans,1,2017
3,0,9,0,9.00,Tennessee,9,tennessee-titans,68,2017
4,0,39,0,19.10,Opponents,"1,299",tennessee-titans,81,2017
5,0,71,0,18.78,Justin McCareinsJ. McCareins,"1,521",tennessee-titans,29,2017
6,1,58t,17,11.38,Derrick MasonD. Mason,330,tennessee-titans,8,2017
7,0,21,5,12.38,Tennessee,99,tennessee-titans,37,2017
8,1,58t,22,11.59,Opponents,429,tennessee-titans,30,2017
9,1,59t,13,9.20,Craig HentrichC. Hentrich,276,tennessee-titans,71,2017
0,0,21,0,21.00,Bo SchobelB. Schobel,21,tennessee-titans,1,2017
1,0,12,0,12.00,Drew BennettD. Bennett,12,tennessee-titans,1,2017
2,0,-8,0,-8.00,Tennessee,-8,tennessee-titans,79,2017
3,0,45,0,19.72,Opponents,"1,558",tennessee-titans,69,2017
4,0,35,0,20.13,Derrick MasonD. Mason,"1,389",tennessee-titans,24,2017
5,0,13,12,3.88,Michael WaddellM. Waddell,93,tennessee-titans,9,2017
6,0,18,3,6.00,Eddie BerlinE. Berlin,54,tennessee-titans,7,2017
7,0,13,1,3.71,Tennessee,26,tennessee-titans,40,2017
8,0,18,16,4.33,Opponents,173,tennessee-titans,31,2017
0,"1,290",57,Opponents,0,22.63,85,tennessee-titans,0,2017
1,272,29,Adam JonesA. Jones,0,9.38,50,tennessee-titans,8,2017
2,75,5,Brandon JonesB. Jones,1,15.00,52t,tennessee-titans,0,2017
3,31,9,Andrae ThurmanA. Thurman,0,3.44,32,tennessee-titans,5,2017
4,31,1,Lamont ThompsonL. Thompson,0,31.00,11,tennessee-titans,0,2017
5,9,1,Tank WilliamsT. Williams,0,9.00,31,tennessee-titans,0,2017
6,418,45,Tennessee,0,9.29,9,tennessee-titans,13,2017
0,5,0,5.00,5,0,1,tennessee-titans,Tennessee,2017
1,70,0,23.23,"1,835",0,79,tennessee-titans,Opponents,2017
2,52,0,21.78,"1,263",0,58,tennessee-titans,Adam JonesA. Jones,2017
3,90t,3,12.94,440,3,34,tennessee-titans,Bobby WadeB. Wade,2017
4,18,3,9.00,27,0,3,tennessee-titans,Tennessee,2017
5,90t,6,12.62,467,3,37,tennessee-titans,Opponents,2017
6,39,24,8.42,278,0,33,tennessee-titans,Craig HentrichC. Hentrich,2017
7,10,73,42.7,"3,760",32,88,tennessee-titans,0,2017
0,1,Calvin LowryC. Lowry,0,12,15,0,tennessee-titans,15.00,2017
1,1,Ben HartsockB. Hartsock,0,15,14,0,tennessee-titans,14.00,2017
2,1,Casey CramerC. Cramer,0,14,13,0,tennessee-titans,13.00,2017
3,52,Tennessee,0,13,"1,098",0,tennessee-titans,21.12,2017
4,58,Opponents,0,48,"1,404",0,tennessee-titans,24.21,2017
5,31,Chris DavisC. Davis,0,76,293,0,tennessee-titans,9.45,2017
6,3,Chris BarclayC. Barclay,0,39,34,12,tennessee-titans,11.33,2017
7,6,Brandon JonesB. Jones,0,19,29,1,tennessee-titans,4.83,2017
8,2,Cortland FinneganC. Finnegan,0,13,11,0,tennessee-titans,5.50,2017
9,42,Tennessee,0,9,367,3,tennessee-titans,8.74,2017
0,0,13,0,10.50,Chris JohnsonC. Johnson,21,tennessee-titans,1,2017
1,0,17,0,17.00,Craig StevensC. Stevens,17,tennessee-titans,1,2017
2,0,16,0,16.00,Tennessee,16,tennessee-titans,52,2017
3,0,52,0,25.37,Opponents,"1,319",tennessee-titans,61,2017
4,0,59,0,24.98,Chris CarrC. Carr,"1,524",tennessee-titans,32,2017
5,0,44,20,10.09,Chris DavisC. Davis,323,tennessee-titans,2,2017
6,0,9,1,3.00,Tennessee,6,tennessee-titans,34,2017
7,0,44,21,9.68,Opponents,329,tennessee-titans,32,2017
8,0,34,20,9.06,Craig HentrichC. Hentrich,290,tennessee-titans,87,2017
0,0,20.11,181,9,25,Javon RingerJ. Ringer,tennessee-titans,0,2017
1,0,21.75,174,8,27,Alvin PearmanA. Pearman,tennessee-titans,0,2017
2,0,23.83,143,6,31,Michael GriffinM. Griffin,tennessee-titans,0,2017
3,0,24.00,72,3,27,Jason McCourtyJ. McCourty,tennessee-titans,0,2017
4,0,6.67,20,3,15,Alge CrumplerA. Crumpler,tennessee-titans,0,2017
5,0,14.00,14,1,14,Ryan MoutonR. Mouton,tennessee-titans,0,2017
6,0,14.00,14,1,14,Craig StevensC. Stevens,tennessee-titans,0,2017
7,0,12.00,12,1,12,Ahmard HallA. Hall,tennessee-titans,0,2017
8,0,20.54,"1,417",69,56,Tennessee,tennessee-titans,0,2017
9,0,24.14,"1,714",71,99t,Opponents,tennessee-titans,1,2017
10,8,10.18,112,11,18,Alvin PearmanA. Pearman,tennessee-titans,0,2017
11,3,6.17,37,6,15,Ryan MoutonR. Mouton,tennessee-titans,0,2017
0,3,0,3.00,3,0,1,tennessee-titans,Justin GageJ. Gage,2017
1,2,0,2.00,2,0,1,tennessee-titans,Tennessee,2017
2,98t,0,24.31,"1,556",1,64,tennessee-titans,Opponents,2017
3,97t,0,24.80,"1,389",1,56,tennessee-titans,Marc MarianiM. Mariani,2017
4,87t,17,12.19,329,1,27,tennessee-titans,Tennessee,2017
5,87t,17,12.19,329,1,27,tennessee-titans,Opponents,2017
0,0,23.38,748,32,49,Marc MarianiM. Mariani,tennessee-titans,0,2017
1,0,0.00,84,0,84t,Tommie CampbellT. Campbell,tennessee-titans,1,2017
2,0,26.00,832,32,84t,Tennessee,tennessee-titans,1,2017
3,0,22.67,680,30,77,Opponents,tennessee-titans,0,2017
0,0,23.40,"1,240",53,105t,Darius ReynaudD. Reynaud,tennessee-titans,1,2017
1,0,29.29,205,7,71,Lavelle HawkinsL. Hawkins,tennessee-titans,0,2017
2,0,18.00,18,1,18,Craig StevensC. Stevens,tennessee-titans,0,2017
3,0,14.00,14,1,14,Jason McCourtyJ. McCourty,tennessee-titans,0,2017
4,0,6.00,6,1,6,Will WitherspoonW. Witherspoon,tennessee-titans,0,2017
5,0,0.00,6,0,6,Damian WilliamsD. Williams,tennessee-titans,0,2017
6,0,23.63,"1,489",63,105t,Tennessee,tennessee-titans,1,2017
7,0,26.06,860,33,89t,Opponents,tennessee-titans,1,2017
0,0,30.06,481,16,95,Leon WashingtonL. Washington,tennessee-titans,0,2017
1,0,23.67,355,15,40,Darius ReynaudD. Reynaud,tennessee-titans,0,2017
2,0,24.60,123,5,37,Damian WilliamsD. Williams,tennessee-titans,0,2017
3,0,18.80,94,5,23,Devon WylieD. Wylie,tennessee-titans,0,2017
4,0,26.00,26,1,26,Jackie BattleJ. Battle,tennessee-titans,0,2017
5,0,17.00,17,1,17,Alterraun VernerA. Verner,tennessee-titans,0,2017
6,0,0.00,0,1,0,Patrick BaileyP. Bailey,tennessee-titans,0,2017
7,0,24.91,"1,096",44,95,Tennessee,tennessee-titans,0,2017
8,0,24.42,"1,099",45,46,Opponents,tennessee-titans,0,2017
0,0,23.81,738,31,52,Leon WashingtonL. Washington,tennessee-titans,0,2017
1,0,28.29,198,7,42,Bishop SankeyB. Sankey,tennessee-titans,0,2017
2,0,22.00,110,5,27,Antonio AndrewsA. Andrews,tennessee-titans,0,2017
3,0,21.50,43,2,22,Jackie BattleJ. Battle,tennessee-titans,0,2017
4,0,16.00,32,2,20,Karl KlugK. Klug,tennessee-titans,0,2017
5,0,0.00,0,1,0,Mike MartinM. Martin,tennessee-titans,0,2017
6,0,23.35,"1,121",48,52,Tennessee,tennessee-titans,0,2017
7,0,27.58,855,31,107t,Opponents,tennessee-titans,1,2017
0,12.38,"3,949",319,16,246.8,Opponents,tennessee-titans,69t,2017
1,Dexter McClusterD. McCluster,"1,483",499,192,13,34,tennessee-titans,285,2017
2,Bishop SankeyB. Sankey,0,32,0,9,21.92,tennessee-titans,192,2017
3,Tre McBrideT. McBride,0,34,0,10,21.33,tennessee-titans,190,2017
4,Antonio AndrewsA. Andrews,0,31,0,1,19.00,tennessee-titans,13,2017
5,Tennessee,0,13,0,33,13.00,tennessee-titans,680,2017
0,0,21.54,560,26,37,Marc MarianiM. Mariani,tennessee-titans,0,2017
1,0,9.25,37,4,17,Antonio AndrewsA. Andrews,tennessee-titans,0,2017
2,0,10.67,32,3,15,Kendall WrightK. Wright,tennessee-titans,0,2017
3,0,19.06,629,33,37,Tennessee,tennessee-titans,0,2017
4,0,22.00,462,21,61,Opponents,tennessee-titans,0,2017
0,0,23.12,578,25,57,Adoree' JacksonA. Jackson,tennessee-titans,0,2017
1,0,22.00,22,1,22,Eric DeckerE. Decker,tennessee-titans,0,2017
2,0,9.00,18,2,18,Eric WeemsE. Weems,tennessee-titans,0,2017
3,1,0.00,0,0,0,Jonnu SmithJ. Smith,tennessee-titans,0,2017
4,1,22.07,618,28,57,Tennessee,tennessee-titans,0,2017
5,0,23.44,750,32,60,Opponents,tennessee-titans,0,2017
0,0,0,0.00,0,0,1,denver-broncos,Denver,2017
1,87t,0,22.38,"1,477",1,66,denver-broncos,Opponents,2017
2,100t,0,21.49,"1,934",1,90,denver-broncos,Deltha O'NealD. O'Neal,2017
3,64,11,10.41,354,0,34,denver-broncos,Terrell BuckleyT. Buckley,2017
4,11,1,5.00,10,0,2,denver-broncos,Denver,2017
5,64,12,10.11,364,0,36,denver-broncos,Opponents,2017
6,86t,9,11.74,270,1,23,denver-broncos,Tom RouenT. Rouen,2017
7,9,62,40.2,"2,455",18,61,denver-broncos,1,2017
0,Denver,0,4,0,67,4.00,denver-broncos,"1,576",2017
1,Opponents,0,52,0,69,23.52,denver-broncos,"1,526",2017
2,Deltha O'NealD. O'Neal,1,88t,0,31,22.12,denver-broncos,405,2017
3,Denver,1,86t,9,31,13.06,denver-broncos,405,2017
4,Opponents,1,86t,9,48,13.06,denver-broncos,517,2017
5,Tom RouenT. Rouen,1,65t,10,81,10.77,denver-broncos,"3,668",2017
6,1,25,8,64,36.5,45.3,denver-broncos,48,2017
7,"3,668",81,Denver,--,45.3,517,denver-broncos,64,2017
0,39,2,Mike AndersonM. Anderson,0,19.50,25,denver-broncos,0,2017
1,16,1,Patrick HapeP. Hape,0,16.00,23,denver-broncos,0,2017
2,15,1,Deltha O'NealD. O'Neal,0,15.00,16,denver-broncos,0,2017
3,14,2,Dwayne CarswellD. Carswell,0,7.00,15,denver-broncos,0,2017
4,13,1,Olandis GaryO. Gary,0,13.00,14,denver-broncos,0,2017
5,6,1,KaRon ColemanK. Coleman,0,6.00,13,denver-broncos,0,2017
6,"1,456",62,Denver,0,23.48,6,denver-broncos,0,2017
7,"1,781",81,Opponents,0,21.99,56,denver-broncos,0,2017
8,251,30,Deltha O'NealD. O'Neal,0,8.37,66,denver-broncos,7,2017
9,24,4,Tyrone PooleT. Poole,0,6.00,53,denver-broncos,0,2017
10,275,34,Denver,0,8.09,16,denver-broncos,7,2017
11,223,23,Opponents,0,9.70,53,denver-broncos,10,2017
0,7.00,14,2,Mike AndersonM. Anderson,0,0,denver-broncos,14,2017
1,0.00,0,1,Mario FatafehiM. Fatafehi,0,0,denver-broncos,0,2017
2,22.07,"1,302",59,Denver,0,0,denver-broncos,83,2017
3,23.00,"1,679",73,Opponents,0,0,denver-broncos,63,2017
4,9.55,315,33,Deltha O'NealD. O'Neal,10,0,denver-broncos,57t,2017
5,21.17,127,6,Rod SmithR. Smith,8,1,denver-broncos,65t,2017
6,11.33,442,39,Denver,18,1,denver-broncos,65t,2017
7,12.17,560,46,Opponents,5,2,denver-broncos,93t,2017
8,43.2,"2,937",68,Micah KnorrM. Knorr,62,1,denver-broncos,6,2017
0,53,Denver,0,34,"1,122",0,denver-broncos,21.17,2017
1,68,Opponents,0,48,"1,635",0,denver-broncos,24.04,2017
2,22,Rod SmithR. Smith,1,97t,223,0,denver-broncos,10.14,2017
3,19,Triandos LukeT. Luke,0,30,135,8,denver-broncos,7.11,2017
4,2,Charlie AdamsC. Adams,0,21,42,8,denver-broncos,21.00,2017
5,43,Denver,0,39,400,1,denver-broncos,9.30,2017
6,32,Opponents,0,39,295,17,denver-broncos,9.22,2017
0,1,Kyle JohnsonK. Johnson,0,18,8,0,denver-broncos,8.00,2017
1,1,Demetrin VealD. Veal,0,8,6,0,denver-broncos,6.00,2017
2,1,John EngelbergerJ. Engelberger,0,6,5,0,denver-broncos,5.00,2017
3,1,Dwayne CarswellD. Carswell,0,5,0,1,denver-broncos,0.00,2017
4,47,Denver,0,0,975,0,denver-broncos,20.74,2017
5,67,Opponents,0,36,"1,696",1,denver-broncos,25.31,2017
6,17,Darrent WilliamsD. Williams,0,87,148,0,denver-broncos,8.71,2017
7,16,Charlie AdamsC. Adams,0,52,133,12,denver-broncos,8.31,2017
8,33,Denver,0,32,281,5,denver-broncos,8.52,2017
9,36,Opponents,0,52,266,17,denver-broncos,7.39,2017
10,72,Todd SauerbrunT. Sauerbrun,0,20,"3,157",15,denver-broncos,43.8,2017
0,0,20,0,19.00,Kyle JohnsonK. Johnson,38,denver-broncos,1,2017
1,0,14,0,14.00,Darrent WilliamsD. Williams,14,denver-broncos,0,2017
2,0,6,0,0.00,Chad MustardC. Mustard,6,denver-broncos,1,2017
3,0,2,0,2.00,Cedric CobbsC. Cobbs,2,denver-broncos,1,2017
4,0,0,0,0.00,Denver,0,denver-broncos,54,2017
5,0,64,0,21.98,Opponents,"1,187",denver-broncos,55,2017
6,0,60,0,26.91,Darrent WilliamsD. Williams,"1,480",denver-broncos,25,2017
7,0,34,12,8.24,David KircusD. Kircus,206,denver-broncos,6,2017
8,0,42,4,14.33,Rod SmithR. Smith,86,denver-broncos,1,2017
9,0,2,0,2.00,Denver,2,denver-broncos,32,2017
10,0,42,16,9.19,Opponents,294,denver-broncos,39,2017
0,3,Taylor JacobsT. Jacobs,0,25,35,0,denver-broncos,11.67,2017
1,2,Cecil SappC. Sapp,0,15,30,0,denver-broncos,15.00,2017
2,1,Dre' BlyD. Bly,0,22,23,0,denver-broncos,23.00,2017
3,58,Denver,0,23,"1,293",0,denver-broncos,22.29,2017
4,62,Opponents,0,35,"1,424",0,denver-broncos,22.97,2017
5,14,Glenn MartinezG. Martinez,1,88t,157,0,denver-broncos,11.21,2017
6,7,Domenik HixonD. Hixon,1,80t,32,12,denver-broncos,4.57,2017
7,2,Dre' BlyD. Bly,0,14,20,5,denver-broncos,10.00,2017
8,23,Denver,0,10,209,0,denver-broncos,9.09,2017
9,31,Opponents,1,80t,334,17,denver-broncos,10.77,2017
0,22.00,44,2,Cliff RussellC. Russell,0,0,denver-broncos,25,2017
1,17.00,17,1,Chad MustardC. Mustard,0,0,denver-broncos,17,2017
2,9.00,9,1,John EngelbergerJ. Engelberger,1,0,denver-broncos,9,2017
3,8.00,8,1,Tatum BellT. Bell,0,0,denver-broncos,8,2017
4,0.00,0,1,Jeb PutzierJ. Putzier,0,0,denver-broncos,0,2017
5,0.00,0,1,Glenn MartinezG. Martinez,0,0,denver-broncos,0,2017
6,21.83,"1,550",71,Denver,1,0,denver-broncos,95,2017
7,24.67,"1,554",63,Opponents,0,0,denver-broncos,103t,2017
8,10.00,140,14,Eddie RoyalE. Royal,10,1,denver-broncos,36,2017
9,11.20,56,5,Glenn MartinezG. Martinez,0,0,denver-broncos,27,2017
10,0.00,0,1,Mario HagganM. Haggan,0,0,denver-broncos,0,2017
11,9.80,196,20,Denver,10,0,denver-broncos,36,2017
12,11.79,330,28,Opponents,6,0,denver-broncos,89t,2017
0,30,0,22.57,158,0,7,denver-broncos,Peyton HillisP. Hillis,2017
1,24,0,22.33,134,0,6,denver-broncos,Alphonso SmithA. Smith,2017
2,23,0,18.75,75,0,4,denver-broncos,Richard QuinnR. Quinn,2017
3,19,0,19.00,19,0,1,denver-broncos,Spencer LarsenS. Larsen,2017
4,13,0,13.00,13,0,1,denver-broncos,LaMont JordanL. Jordan,2017
5,6,0,6.00,6,0,1,denver-broncos,Russ HochsteinR. Hochstein,2017
6,6,0,6.00,6,0,1,denver-broncos,Marcus ThomasM. Thomas,2017
7,1,0,1.00,1,0,1,denver-broncos,Tyler PolumbusT. Polumbus,2017
8,0,0,0.00,0,0,1,denver-broncos,Denver,2017
9,93t,0,21.35,"1,217",1,57,denver-broncos,Opponents,2017
10,95t,0,22.76,"1,115",1,49,denver-broncos,Eddie RoyalE. Royal,2017
11,71t,13,11.17,335,1,30,denver-broncos,Alphonso SmithA. Smith,2017
12,21,3,4.70,47,0,10,denver-broncos,Kenny McKinleyK. McKinley,2017
0,Cassius VaughnC. Vaughn,0,30,0,2,19.11,denver-broncos,125,2017
1,Eddie RoyalE. Royal,1,97t,0,5,62.50,denver-broncos,107,2017
2,Spencer LarsenS. Larsen,0,33,0,3,21.40,denver-broncos,44,2017
3,Lance BallL. Ball,0,19,0,2,14.67,denver-broncos,33,2017
4,Denver,0,18,0,59,16.50,denver-broncos,"1,435",2017
5,Opponents,1,97t,0,51,24.32,denver-broncos,"1,259",2017
6,Eddie RoyalE. Royal,1,98t,0,25,24.69,denver-broncos,298,2017
7,Syd'quan ThompsonS. Thompson,0,33,12,3,11.92,denver-broncos,18,2017
8,Perrish CoxP. Cox,0,10,2,3,6.00,denver-broncos,7,2017
0,0,26.88,457,17,63,Quan CosbyQ. Cosby,denver-broncos,0,2017
1,0,30.00,210,7,67,Cassius VaughnC. Vaughn,denver-broncos,0,2017
2,0,20.38,163,8,29,Matt WillisM. Willis,denver-broncos,0,2017
3,0,25.00,50,2,34,Eric DeckerE. Decker,denver-broncos,0,2017
4,0,15.67,47,3,20,Eddie RoyalE. Royal,denver-broncos,0,2017
5,0,20.00,20,1,20,Daniel FellsD. Fells,denver-broncos,0,2017
6,0,9.00,9,1,9,Lance BallL. Ball,denver-broncos,0,2017
7,0,24.51,956,39,67,Denver,denver-broncos,0,2017
8,0,24.55,491,20,40,Opponents,denver-broncos,0,2017
0,0,32.55,358,11,105t,Trindon HollidayT. Holliday,denver-broncos,1,2017
1,0,19.29,270,14,33,Omar BoldenO. Bolden,denver-broncos,0,2017
2,0,18.00,18,1,18,Jim LeonhardJ. Leonhard,denver-broncos,0,2017
3,0,0.00,0,0,0,Matt WillisM. Willis,denver-broncos,0,2017
4,0,0.00,0,1,0,Chris GronkowskiC. Gronkowski,denver-broncos,0,2017
5,0,0.00,0,1,0,Lance BallL. Ball,denver-broncos,0,2017
6,0,23.07,646,28,105t,Denver,denver-broncos,1,2017
7,0,22.09,751,34,50,Opponents,denver-broncos,0,2017
0,0,27.68,775,28,105t,Trindon HollidayT. Holliday,denver-broncos,1,2017
1,0,23.50,141,6,34,Andre CaldwellA. Caldwell,denver-broncos,0,2017
2,0,22.00,44,2,25,Omar BoldenO. Bolden,denver-broncos,0,2017
3,0,8.00,8,1,8,Mitch UnreinM. Unrein,denver-broncos,0,2017
4,0,6.00,6,1,6,Malik JacksonM. Jackson,denver-broncos,0,2017
5,0,0.00,0,1,0,Jacob TammeJ. Tamme,denver-broncos,0,2017
6,0,24.97,974,39,105t,Denver,denver-broncos,1,2017
7,0,29.25,936,32,108t,Opponents,denver-broncos,1,2017
0,0,33.00,429,13,77,Omar BoldenO. Bolden,denver-broncos,0,2017
1,0,23.17,278,12,54,Andre CaldwellA. Caldwell,denver-broncos,0,2017
2,0,18.00,54,3,22,Emmanuel SandersE. Sanders,denver-broncos,0,2017
3,0,11.00,22,2,14,Cody LatimerC. Latimer,denver-broncos,0,2017
4,0,12.00,12,1,12,Marvin AustinM. Austin,denver-broncos,0,2017
5,0,7.00,7,1,7,Isaiah BurseI. Burse,denver-broncos,0,2017
6,0,25.06,802,32,77,Denver,denver-broncos,0,2017
7,0,25.86,905,35,80,Opponents,denver-broncos,0,2017
0,0,22.80,342,15,41,Omar BoldenO. Bolden,denver-broncos,0,2017
1,0,23.14,162,7,29,Andre CaldwellA. Caldwell,denver-broncos,0,2017
2,0,14.50,29,2,15,Jordan NorwoodJ. Norwood,denver-broncos,0,2017
3,0,0.00,27,0,27,Cody LatimerC. Latimer,denver-broncos,0,2017
4,0,15.00,15,1,15,Kapri BibbsK. Bibbs,denver-broncos,0,2017
5,0,13.00,13,1,13,Emmanuel SandersE. Sanders,denver-broncos,0,2017
6,0,0.00,0,1,0,Juwan ThompsonJ. Thompson,denver-broncos,0,2017
7,0,21.78,588,27,41,Denver,denver-broncos,0,2017
8,0,20.32,508,25,32,Opponents,denver-broncos,0,2017
0,0,25.00,200,8,46,Cody LatimerC. Latimer,denver-broncos,0,2017
1,0,22.83,137,6,40,Khalif RaymondK. Raymond,denver-broncos,0,2017
2,0,19.75,79,4,26,Kapri BibbsK. Bibbs,denver-broncos,0,2017
3,0,21.67,65,3,27,Jordan NorwoodJ. Norwood,denver-broncos,0,2017
4,0,22.90,481,21,46,Denver,denver-broncos,0,2017
5,0,20.23,526,26,86t,Opponents,denver-broncos,1,2017
0,0,19.71,276,14,28,Devontae BookerD. Booker,denver-broncos,0,2017
1,0,23.75,190,8,36,Cody LatimerC. Latimer,denver-broncos,0,2017
2,0,30.50,183,6,61,Brendan LangleyB. Langley,denver-broncos,0,2017
3,0,29.50,59,2,32,De'Angelo HendersonD. Henderson,denver-broncos,0,2017
4,0,16.67,50,3,21,Isaiah McKenzieI. McKenzie,denver-broncos,0,2017
5,0,10.00,10,1,10,Andy JanovichA. Janovich,denver-broncos,0,2017
6,0,22.59,768,34,61,Denver,denver-broncos,0,2017
7,0,22.59,497,22,103t,Opponents,denver-broncos,1,2017
0,14,1,Kimble AndersK. Anders,0,14.00,25,kansas-city-chiefs,0,2017
1,11,1,Marcus SpearsM. Spears,0,11.00,14,kansas-city-chiefs,0,2017
2,"1,466",70,Kansas City,0,20.94,11,kansas-city-chiefs,0,2017
3,"1,679",70,Opponents,0,23.99,38,kansas-city-chiefs,0,2017
4,208,26,Kevin LockettK. Lockett,0,8.00,66,kansas-city-chiefs,6,2017
5,50,5,Larry ParkerL. Parker,0,10.00,26,kansas-city-chiefs,1,2017
6,37,6,Dante HallD. Hall,0,6.17,17,kansas-city-chiefs,5,2017
7,295,37,Kansas City,0,7.97,22,kansas-city-chiefs,12,2017
0,0,17.00,34,2,18,Jason DunnJ. Dunn,kansas-city-chiefs,0,2017
1,0,22.00,22,1,22,Larry ParkerL. Parker,kansas-city-chiefs,0,2017
2,0,0.00,0,1,0,Larry AtkinsL. Atkins,kansas-city-chiefs,0,2017
3,0,21.18,"1,292",61,71,Kansas City,kansas-city-chiefs,0,2017
4,0,22.68,"1,474",65,88t,Opponents,kansas-city-chiefs,1,2017
5,6,7.34,235,32,26,Dante HallD. Hall,kansas-city-chiefs,0,2017
6,2,8.27,91,11,14,Larry ParkerL. Parker,kansas-city-chiefs,0,2017
7,0,0.00,0,1,0,Eric WarfieldE. Warfield,kansas-city-chiefs,0,2017
8,8,7.41,326,44,26,Kansas City,kansas-city-chiefs,0,2017
0,0,10,0,5.50,Kansas City,11,kansas-city-chiefs,67,2017
1,1,88t,1,22.00,Opponents,"1,474",kansas-city-chiefs,88,2017
2,0,52,0,21.36,Dante HallD. Hall,"1,880",kansas-city-chiefs,29,2017
3,2,90t,11,13.45,Kansas City,390,kansas-city-chiefs,29,2017
4,2,90t,11,13.45,Opponents,390,kansas-city-chiefs,27,2017
5,0,48,10,10.15,Dan StryzinskiD. Stryzinski,274,kansas-city-chiefs,64,2017
6,15,6,56,37.8,1,"2,422",kansas-city-chiefs,31.2,2017
0,0,11.00,11,1,11,LaShaun WardL. Ward,kansas-city-chiefs,0,2017
1,0,0.00,0,1,0,Jimmy WilkersonJ. Wilkerson,kansas-city-chiefs,0,2017
2,0,25.44,"1,577",62,100t,Kansas City,kansas-city-chiefs,2,2017
3,0,23.48,"2,043",87,60,Opponents,kansas-city-chiefs,0,2017
4,14,16.28,472,29,93t,Dante HallD. Hall,kansas-city-chiefs,2,2017
5,0,23.33,70,3,46,Eddie KennisonE. Kennison,kansas-city-chiefs,0,2017
6,0,0.00,0,1,0,William BarteeW. Bartee,kansas-city-chiefs,0,2017
7,14,16.42,542,33,93t,Kansas City,kansas-city-chiefs,2,2017
0,0,1,Gary StillsG. Stills,0,0.00,22,kansas-city-chiefs,0,2017
1,"1,820",75,Kansas City,0,24.27,0,kansas-city-chiefs,0,2017
2,"1,908",85,Opponents,2,22.45,97t,kansas-city-chiefs,0,2017
3,232,23,Dante HallD. Hall,0,10.09,44,kansas-city-chiefs,17,2017
4,0,1,Shaunard HartsS. Harts,0,0.00,46,kansas-city-chiefs,0,2017
5,232,24,Kansas City,0,9.67,0,kansas-city-chiefs,17,2017
6,301,24,Opponents,0,12.54,46,kansas-city-chiefs,13,2017
0,0,52,6,6.57,Eddie KennisonE. Kennison,276,kansas-city-chiefs,1,2017
1,0,17,1,17.00,Kansas City,17,kansas-city-chiefs,43,2017
2,0,52,7,6.81,Opponents,293,kansas-city-chiefs,23,2017
3,0,47,21,7.78,Dustin ColquittD. Colquitt,179,kansas-city-chiefs,65,2017
0,0,0,0,0.00,Dee BrownD. Brown,0,kansas-city-chiefs,1,2017
1,0,0,0,0.00,Kansas City,0,kansas-city-chiefs,64,2017
2,0,60,0,21.94,Opponents,"1,404",kansas-city-chiefs,71,2017
3,0,58,0,23.18,Dante HallD. Hall,"1,646",kansas-city-chiefs,27,2017
4,1,60t,6,8.89,Eddie KennisonE. Kennison,240,kansas-city-chiefs,3,2017
5,0,11,1,6.00,Lenny WallsL. Walls,18,kansas-city-chiefs,2,2017
6,0,6,0,3.00,Derrick RossD. Ross,6,kansas-city-chiefs,1,2017
7,0,0,0,0.00,Kansas City,0,kansas-city-chiefs,33,2017
0,19.19,"1,286",67,Kansas City,0,0,kansas-city-chiefs,39,2017
1,21.67,"1,105",51,Opponents,0,0,kansas-city-chiefs,42,2017
2,6.94,222,32,Eddie DrummondE. Drummond,11,0,kansas-city-chiefs,22,2017
3,10.00,80,8,Eddie KennisonE. Kennison,3,0,kansas-city-chiefs,21,2017
4,7.55,302,40,Kansas City,14,0,kansas-city-chiefs,22,2017
5,7.74,387,50,Opponents,19,0,kansas-city-chiefs,73t,2017
6,45.5,"4,322",95,Dustin ColquittD. Colquitt,81,1,kansas-city-chiefs,9,2017
0,18.00,18,1,Jon McGrawJ. McGraw,0,0,kansas-city-chiefs,18,2017
1,16.00,16,1,William FranklinW. Franklin,0,0,kansas-city-chiefs,16,2017
2,14.00,14,1,Herbert TaylorH. Taylor,0,0,kansas-city-chiefs,14,2017
3,3.67,11,3,Mike CoxM. Cox,0,0,kansas-city-chiefs,8,2017
4,21.45,"1,716",80,Kansas City,0,0,kansas-city-chiefs,59,2017
5,23.63,"1,465",62,Opponents,0,0,kansas-city-chiefs,97t,2017
6,8.55,94,11,Kevin RobinsonK. Robinson,0,1,kansas-city-chiefs,32,2017
7,8.29,58,7,B.J. SamsB. Sams,3,0,kansas-city-chiefs,16,2017
8,2.12,17,8,Dantrell SavageD. Savage,2,0,kansas-city-chiefs,11,2017
9,6.50,169,26,Kansas City,5,0,kansas-city-chiefs,32,2017
10,9.30,307,33,Opponents,16,0,kansas-city-chiefs,37,2017
0,6,Lance LongL. Long,0,24,106,0,kansas-city-chiefs,17.67,2017
1,1,Terrance CopperT. Copper,0,22,18,0,kansas-city-chiefs,18.00,2017
2,2,Mike CoxM. Cox,0,18,9,0,kansas-city-chiefs,4.50,2017
3,1,Andrew StudebakerA. Studebaker,0,9,8,0,kansas-city-chiefs,8.00,2017
4,77,Kansas City,0,8,"1,666",0,kansas-city-chiefs,21.64,2017
5,60,Opponents,1,97t,"1,446",0,kansas-city-chiefs,24.10,2017
6,21,Bobby WadeB. Wade,2,103t,160,0,kansas-city-chiefs,7.62,2017
7,6,Dantrell SavageD. Savage,0,18,36,19,kansas-city-chiefs,6.00,2017
8,5,Maurice LeggettM. Leggett,0,19,13,1,kansas-city-chiefs,2.60,2017
9,0,Bobby EngramB. Engram,0,10,0,1,kansas-city-chiefs,0.00,2017
0,Terrance CopperT. Copper,0,24,0,2,18.25,kansas-city-chiefs,26,2017
1,Jake O'ConnellJ. O'Connell,0,17,0,1,13.00,kansas-city-chiefs,5,2017
2,Jackie BattleJ. Battle,0,5,1,1,5.00,kansas-city-chiefs,0,2017
3,Kansas City,0,0,0,58,0.00,kansas-city-chiefs,"1,140",2017
4,Opponents,0,36,1,66,19.66,kansas-city-chiefs,"1,336",2017
5,Javier ArenasJ. Arenas,1,94t,0,39,20.24,kansas-city-chiefs,322,2017
6,Dexter McClusterD. McCluster,0,36,7,13,8.26,kansas-city-chiefs,202,2017
7,Kansas City,1,94t,2,52,15.54,kansas-city-chiefs,524,2017
0,0,22.28,557,25,35,Dexter McClusterD. McCluster,kansas-city-chiefs,0,2017
1,0,21.29,362,17,35,Javier ArenasJ. Arenas,kansas-city-chiefs,0,2017
2,0,22.00,44,2,24,Jeremy HorneJ. Horne,kansas-city-chiefs,0,2017
3,0,12.00,12,1,12,Terrance CopperT. Copper,kansas-city-chiefs,0,2017
4,0,4.00,4,1,4,Allen BaileyA. Bailey,kansas-city-chiefs,0,2017
5,0,21.28,979,46,35,Kansas City,kansas-city-chiefs,0,2017
6,0,24.20,605,25,91,Opponents,kansas-city-chiefs,0,2017
0,0,23.35,537,23,41,Shaun DraughnS. Draughn,kansas-city-chiefs,0,2017
1,0,21.22,191,9,26,Devon WylieD. Wylie,kansas-city-chiefs,0,2017
2,0,19.67,177,9,27,Javier ArenasJ. Arenas,kansas-city-chiefs,0,2017
3,0,20.20,101,5,27,Josh BellamyJ. Bellamy,kansas-city-chiefs,0,2017
4,0,33.00,33,1,33,Cyrus GrayC. Gray,kansas-city-chiefs,0,2017
5,0,16.00,16,1,16,Terrance CopperT. Copper,kansas-city-chiefs,0,2017
6,0,4.00,4,1,4,Anthony ToribioA. Toribio,kansas-city-chiefs,0,2017
7,0,21.61,"1,059",49,41,Kansas City,kansas-city-chiefs,0,2017
8,0,25.56,690,27,77,Opponents,kansas-city-chiefs,0,2017
0,0,30.06,992,33,95t,Quintin DempsQ. Demps,kansas-city-chiefs,1,2017
1,0,32.10,321,10,108t,Knile DavisK. Davis,kansas-city-chiefs,1,2017
2,0,3.00,3,1,3,Dexter McClusterD. McCluster,kansas-city-chiefs,0,2017
3,0,29.91,"1,316",44,108t,Kansas City,kansas-city-chiefs,2,2017
4,0,24.37,"1,048",43,39,Opponents,kansas-city-chiefs,0,2017
0,0,28.59,829,29,99t,Knile DavisK. Davis,kansas-city-chiefs,1,2017
1,0,30.57,428,14,78,De'Anthony ThomasD. Thomas,kansas-city-chiefs,0,2017
2,0,37.00,74,2,37,Frankie HammondF. Hammond,kansas-city-chiefs,0,2017
3,0,21.67,65,3,25,Joe McKnightJ. McKnight,kansas-city-chiefs,0,2017
4,0,21.00,21,1,21,Albert WilsonA. Wilson,kansas-city-chiefs,0,2017
5,0,13.00,13,1,13,Anthony ShermanA. Sherman,kansas-city-chiefs,0,2017
6,0,0.00,0,1,0,Cyrus GrayC. Gray,kansas-city-chiefs,0,2017
7,0,28.04,"1,430",51,99t,Kansas City,kansas-city-chiefs,1,2017
8,0,23.94,"1,293",54,74,Opponents,kansas-city-chiefs,0,2017
0,0,25.12,603,24,54,Knile DavisK. Davis,kansas-city-chiefs,0,2017
1,0,23.00,138,6,30,De'Anthony ThomasD. Thomas,kansas-city-chiefs,0,2017
2,0,10.00,20,2,11,Anthony ShermanA. Sherman,kansas-city-chiefs,0,2017
3,0,14.00,14,1,14,Spencer WareS. Ware,kansas-city-chiefs,0,2017
4,0,14.00,14,1,14,Chris ConleyC. Conley,kansas-city-chiefs,0,2017
5,0,2.00,2,1,2,Tyvon BranchT. Branch,kansas-city-chiefs,0,2017
6,0,22.60,791,35,54,Kansas City,kansas-city-chiefs,0,2017
7,0,24.72,"1,137",46,70,Opponents,kansas-city-chiefs,0,2017
0,0,27.43,384,14,86t,Tyreek HillT. Hill,kansas-city-chiefs,1,2017
1,0,22.53,338,15,41,De'Anthony ThomasD. Thomas,kansas-city-chiefs,0,2017
2,0,21.00,189,9,30,Knile DavisK. Davis,kansas-city-chiefs,0,2017
3,0,19.00,19,1,19,Demetrius HarrisD. Harris,kansas-city-chiefs,0,2017
4,0,13.00,13,1,13,Albert WilsonA. Wilson,kansas-city-chiefs,0,2017
5,0,23.57,943,40,86t,Kansas City,kansas-city-chiefs,1,2017
6,0,24.09,843,35,54,Opponents,kansas-city-chiefs,0,2017
0,0,24.44,611,25,42,Akeem HuntA. Hunt,kansas-city-chiefs,0,2017
1,0,23.46,305,13,39,De'Anthony ThomasD. Thomas,kansas-city-chiefs,0,2017
2,0,21.67,65,3,26,Jehu ChessonJ. Chesson,kansas-city-chiefs,0,2017
3,0,18.50,37,2,19,Charcandrick WestC. West,kansas-city-chiefs,0,2017
4,0,18.00,18,1,18,Albert WilsonA. Wilson,kansas-city-chiefs,0,2017
5,0,8.00,8,1,8,Chris ConleyC. Conley,kansas-city-chiefs,0,2017
6,0,7.00,7,1,7,Anthony ShermanA. Sherman,kansas-city-chiefs,0,2017
7,0,0.00,0,1,0,Leon McQuayL. McQuay,kansas-city-chiefs,0,2017
8,0,22.36,"1,051",47,42,Kansas City,kansas-city-chiefs,0,2017
9,0,19.44,486,25,32,Opponents,kansas-city-chiefs,0,2017
0,0,20.76,353,17,44,Desmond KingD. King,los-angeles-chargers,0,2017
1,0,17.00,85,5,22,Austin EkelerA. Ekeler,los-angeles-chargers,0,2017
2,0,18.00,36,2,19,Michael DavisM. Davis,los-angeles-chargers,0,2017
3,0,0.00,0,1,0,Tenny PalepoiT. Palepoi,los-angeles-chargers,0,2017
4,0,18.96,474,25,44,LA Chargers,los-angeles-chargers,0,2017
5,0,25.00,"1,150",46,71,Opponents,los-angeles-chargers,0,2017
0,80,Opponents,1,88t,"1,689",0,oakland-raiders,21.11,2017
1,29,Darrien GordonD. Gordon,0,68,258,0,oakland-raiders,8.90,2017
2,8,David DunnD. Dunn,0,36,99,10,oakland-raiders,12.38,2017
3,37,Oakland,0,25,357,3,oakland-raiders,9.65,2017
4,30,Opponents,0,36,279,13,oakland-raiders,9.30,2017
5,65,Shane LechlerS. Lechler,0,19,"2,984",12,oakland-raiders,45.9,2017
0,0,23,11,8.89,Tim BrownT. Brown,169,oakland-raiders,6,2017
1,1,88t,21,18.50,Charles WoodsonC. Woodson,111,oakland-raiders,4,2017
2,0,16,0,11.75,Jerry PorterJ. Porter,47,oakland-raiders,0,2017
3,0,12,0,0.00,Oakland,12,oakland-raiders,29,2017
0,50,4,Alvis WhittedA. Whitted,0,12.50,27,oakland-raiders,0,2017
1,0,1,Tory JamesT. James,0,0.00,19,oakland-raiders,0,2017
2,"1,319",61,Oakland,0,21.62,0,oakland-raiders,0,2017
3,"1,826",74,Opponents,1,24.68,96t,oakland-raiders,0,2017
4,178,15,Phillip BuchanonP. Buchanon,1,11.87,86t,oakland-raiders,8,2017
5,79,0,Terry KirbyT. Kirby,1,0.00,83t,oakland-raiders,0,2017
6,55,10,Tim BrownT. Brown,1,5.50,79t,oakland-raiders,17,2017
7,6,4,Charles WoodsonC. Woodson,0,1.50,11,oakland-raiders,1,2017
0,9.00,9,1,O.J. SantiagoO. Santiago,0,0,oakland-raiders,9,2017
1,20.73,"1,596",77,Oakland,0,0,oakland-raiders,85t,2017
2,25.86,"1,474",57,Opponents,0,1,oakland-raiders,61,2017
3,13.64,491,36,Phillip BuchanonP. Buchanon,14,0,oakland-raiders,80t,2017
4,1.00,1,1,Eric JohnsonE. Johnson,0,2,oakland-raiders,1,2017
5,0.00,0,1,Anthony DorsettA. Dorsett,0,0,oakland-raiders,0,2017
6,12.95,492,38,Oakland,14,0,oakland-raiders,80t,2017
7,12.87,669,52,Opponents,14,2,oakland-raiders,54,2017
0,23,0,23.00,23,0,1,oakland-raiders,John StoneJ. Stone,2017
1,20,0,20.00,20,0,1,oakland-raiders,Jerry PorterJ. Porter,2017
2,6,0,6.00,6,0,1,oakland-raiders,Oakland,2017
3,64,0,20.48,"1,700",0,83,oakland-raiders,Opponents,2017
4,50,0,23.52,"1,458",0,62,oakland-raiders,Phillip BuchanonP. Buchanon,2017
5,18,7,5.76,121,0,21,oakland-raiders,Doug GabrielD. Gabriel,2017
6,7,2,3.50,7,0,2,oakland-raiders,Charles WoodsonC. Woodson,2017
7,4,0,4.00,4,0,1,oakland-raiders,Oakland,2017
8,18,9,5.50,132,0,24,oakland-raiders,Opponents,2017
9,50,10,11.80,413,0,35,oakland-raiders,Shane LechlerS. Lechler,2017
0,"1,832",80,Oakland,0,22.90,0,oakland-raiders,0,2017
1,"1,369",56,Opponents,0,24.45,62,oakland-raiders,0,2017
2,186,34,Chris CarrC. Carr,0,5.47,60,oakland-raiders,7,2017
3,20,3,Charles WoodsonC. Woodson,0,6.67,34,oakland-raiders,0,2017
4,206,37,Oakland,0,5.57,15,oakland-raiders,7,2017
5,460,39,Opponents,0,11.79,34,oakland-raiders,16,2017
0,6.17,216,35,Oakland,12,0,oakland-raiders,35,2017
1,12.85,437,34,Opponents,10,0,oakland-raiders,58,2017
2,47.5,"3,660",77,Shane LechlerS. Lechler,67,0,oakland-raiders,19,2017
3,437,34,36.4,1,--,19,oakland-raiders,Oakland,2017
0,0,6,0,6.00,Oakland,6,oakland-raiders,78,2017
1,0,43,0,21.62,Opponents,"1,686",oakland-raiders,43,2017
2,1,99t,0,22.40,Johnnie Lee HigginsJ. Higgins,963,oakland-raiders,20,2017
3,0,54,6,5.15,Tim DwightT. Dwight,103,oakland-raiders,9,2017
4,0,16,3,6.00,Chris CarrC. Carr,54,oakland-raiders,8,2017
5,0,24,7,6.50,Nnamdi AsomughaN. Asomugha,52,oakland-raiders,1,2017
6,0,0,0,0.00,Oakland,0,oakland-raiders,38,2017
0,0,14.00,14,1,14,Michael BushM. Bush,oakland-raiders,0,2017
1,0,9.00,9,1,9,Greyson GunheimG. Gunheim,oakland-raiders,0,2017
2,1,0.00,0,0,0,Tony StewartT. Stewart,oakland-raiders,0,2017
3,1,22.78,"1,777",78,92t,Oakland,oakland-raiders,2,2017
4,0,24.41,"1,074",44,95t,Opponents,oakland-raiders,1,2017
5,12,12.95,570,44,93t,Johnnie Lee HigginsJ. Higgins,oakland-raiders,3,2017
6,12,12.95,570,44,93t,Oakland,oakland-raiders,3,2017
7,11,9.88,425,43,55,Opponents,oakland-raiders,0,2017
8,70,48.8,"4,391",90,13,Shane LechlerS. Lechler,oakland-raiders,33,2017
0,0,23,0,18.00,Justin MillerJ. Miller,108,oakland-raiders,6,2017
1,0,27,0,17.67,Marcel ReeceM. Reece,106,oakland-raiders,3,2017
2,0,23,0,19.33,Tony StewartT. Stewart,58,oakland-raiders,2,2017
3,0,11,0,9.50,Luke LawtonL. Lawton,19,oakland-raiders,1,2017
4,0,17,0,17.00,Sam WilliamsS. Williams,17,oakland-raiders,2,2017
5,0,7,0,5.50,Oakland,11,oakland-raiders,66,2017
6,0,60,0,18.17,Opponents,"1,199",oakland-raiders,42,2017
7,1,95t,0,25.67,Johnnie Lee HigginsJ. Higgins,"1,078",oakland-raiders,34,2017
8,0,19,21,5.21,Sam WilliamsS. Williams,177,oakland-raiders,1,2017
9,0,0,0,0.00,Javon WalkerJ. Walker,0,oakland-raiders,1,2017
0,Nick MillerN. Miller,0,28,0,2,17.17,oakland-raiders,37,2017
1,Marcel ReeceM. Reece,0,27,0,1,18.50,oakland-raiders,7,2017
2,Michael HuffM. Huff,0,7,0,1,7.00,oakland-raiders,0,2017
3,Oakland,0,0,0,68,0.00,oakland-raiders,"1,532",2017
4,Opponents,3,101t,0,61,22.53,oakland-raiders,"1,412",2017
5,Nick MillerN. Miller,1,102t,0,35,23.15,oakland-raiders,257,2017
6,Johnnie Lee HigginsJ. Higgins,0,46,7,17,7.34,oakland-raiders,123,2017
7,Yamon FigursY. Figurs,0,53,4,1,7.24,oakland-raiders,10,2017
0,0,27.77,361,13,91,Bryan McCannB. McCann,oakland-raiders,0,2017
1,0,31.00,341,11,101t,Jacoby FordJ. Ford,oakland-raiders,1,2017
2,0,20.62,165,8,46,Taiwan JonesT. Jones,oakland-raiders,0,2017
3,0,15.25,61,4,18,Nick MillerN. Miller,oakland-raiders,0,2017
4,0,18.50,37,2,20,Denarius MooreD. Moore,oakland-raiders,0,2017
5,0,15.50,31,2,16,Tyvon BranchT. Branch,oakland-raiders,0,2017
6,0,5.00,15,3,14,Rock CartwrightR. Cartwright,oakland-raiders,0,2017
7,0,23.51,"1,011",43,101t,Oakland,oakland-raiders,1,2017
8,0,25.74,"1,210",47,105t,Opponents,oakland-raiders,1,2017
0,11.41,"3,960",347,16,247.5,Opponents,oakland-raiders,64,2017
1,Coye FranciesC. Francies,"1,740",518,180,20,28,oakland-raiders,475,2017
2,Mike GoodsonM. Goodson,0,32,0,16,23.75,oakland-raiders,359,2017
3,Jeremy StewartJ. Stewart,0,51,0,3,22.44,oakland-raiders,43,2017
4,Marcel ReeceM. Reece,0,16,0,1,14.33,oakland-raiders,36,2017
5,Taiwan JonesT. Jones,0,36,0,2,36.00,oakland-raiders,22,2017
6,Oakland,0,16,0,42,11.00,oakland-raiders,935,2017
0,0,23.96,623,26,41,Taiwan JonesT. Jones,oakland-raiders,0,2017
1,0,23.00,253,11,30,Jacoby FordJ. Ford,oakland-raiders,0,2017
2,0,22.10,221,10,29,Greg JenkinsG. Jenkins,oakland-raiders,0,2017
3,0,19.00,95,5,28,Jeremy StewartJ. Stewart,oakland-raiders,0,2017
4,0,6.00,6,1,6,Jamize OlawaleJ. Olawale,oakland-raiders,0,2017
5,0,3.00,3,1,3,Mychal RiveraM. Rivera,oakland-raiders,0,2017
6,0,22.24,"1,201",54,41,Oakland,oakland-raiders,0,2017
7,0,20.43,613,30,50,Opponents,oakland-raiders,0,2017
0,11.57,"3,967",343,16,247.9,Opponents,oakland-raiders,70t,2017
1,Latavius MurrayL. Murray,"2,156",533,190,19,29,oakland-raiders,429,2017
2,T.J. CarrieT. Carrie,0,38,0,15,22.58,oakland-raiders,362,2017
3,George Atkinson IIIG. Atkinson,0,42,0,7,24.13,oakland-raiders,134,2017
4,Darren McFaddenD. McFadden,0,28,0,3,19.14,oakland-raiders,59,2017
5,Kenbrell ThompkinsK. Thompkins,0,23,0,3,19.67,oakland-raiders,43,2017
6,Oakland,0,21,0,47,14.33,oakland-raiders,"1,027",2017
0,0,26.74,829,31,70,Taiwan JonesT. Jones,oakland-raiders,0,2017
1,0,22.08,265,12,32,Jeremy RossJ. Ross,oakland-raiders,0,2017
2,0,21.25,85,4,37,Roy HeluR. Helu,oakland-raiders,0,2017
3,0,23.50,47,2,24,Seth RobertsS. Roberts,oakland-raiders,0,2017
4,0,16.00,32,2,18,Marcel ReeceM. Reece,oakland-raiders,0,2017
5,0,8.00,8,1,8,Lee SmithL. Smith,oakland-raiders,0,2017
6,0,2.00,2,1,2,Marcus ThigpenM. Thigpen,oakland-raiders,0,2017
7,0,23.92,"1,268",53,70,Oakland,oakland-raiders,0,2017
8,0,22.71,795,35,93t,Opponents,oakland-raiders,1,2017
0,0,23.65,402,17,50,Jalen RichardJ. Richard,oakland-raiders,0,2017
1,0,14.00,112,8,21,Taiwan JonesT. Jones,oakland-raiders,0,2017
2,0,20.00,20,1,20,DeAndre WashingtonD. Washington,oakland-raiders,0,2017
3,0,20.54,534,26,50,Oakland,oakland-raiders,0,2017
4,0,19.91,896,45,60,Opponents,oakland-raiders,0,2017
0,0,28.32,538,19,49,Cordarrelle PattersonC. Patterson,oakland-raiders,0,2017
1,0,11.25,90,8,17,Jalen RichardJ. Richard,oakland-raiders,0,2017
2,0,17.20,86,5,26,DeAndre WashingtonD. Washington,oakland-raiders,0,2017
3,0,15.00,15,1,15,Jon FelicianoJ. Feliciano,oakland-raiders,0,2017
4,0,9.00,9,1,9,Jamize OlawaleJ. Olawale,oakland-raiders,0,2017
5,0,21.71,738,34,49,Oakland,oakland-raiders,0,2017
6,0,19.87,298,15,40,Opponents,oakland-raiders,0,2017
0,0,12,0,12.00,Brandon NobleB. Noble,12,dallas-cowboys,1,2017
1,0,8,0,8.00,Dallas,8,dallas-cowboys,69,2017
2,0,90,0,21.10,Opponents,"1,456",dallas-cowboys,56,2017
3,0,42,0,21.52,Wane McGarityW. McGarity,"1,205",dallas-cowboys,30,2017
4,2,64t,9,11.77,Jason TuckerJ. Tucker,353,dallas-cowboys,4,2017
5,0,8,5,2.25,Joey GallowayJ. Galloway,9,dallas-cowboys,1,2017
6,0,2,0,2.00,Dallas,2,dallas-cowboys,35,2017
7,2,64t,14,10.40,Opponents,364,dallas-cowboys,29,2017
0,64,Dallas,0,7,"1,476",0,dallas-cowboys,23.06,2017
1,54,Opponents,0,77,"1,164",0,dallas-cowboys,21.56,2017
2,31,Reggie SwintonR. Swinton,0,61,414,0,dallas-cowboys,13.35,2017
3,6,Wane McGarityW. McGarity,1,65t,38,8,dallas-cowboys,6.33,2017
4,1,Raghib IsmailR. Ismail,0,17,20,2,dallas-cowboys,20.00,2017
5,2,Ken-Yon RamboK. Rambo,0,20,15,3,dallas-cowboys,7.50,2017
6,1,Joey GallowayJ. Galloway,0,13,6,0,dallas-cowboys,6.00,2017
0,0,17,0,16.50,Dallas,33,dallas-cowboys,68,2017
1,2,100t,0,22.37,Opponents,"1,521",dallas-cowboys,48,2017
2,0,47,0,22.81,Joey GallowayJ. Galloway,"1,095",dallas-cowboys,15,2017
3,0,71,8,12.07,Reggie SwintonR. Swinton,181,dallas-cowboys,19,2017
4,0,26,9,7.42,Ken-Yon RamboK. Rambo,141,dallas-cowboys,5,2017
5,0,4,2,0.60,Dallas,3,dallas-cowboys,39,2017
6,0,71,19,8.33,Opponents,325,dallas-cowboys,58,2017
0,0,21.67,65,3,25,Reggie SwintonR. Swinton,dallas-cowboys,0,2017
1,0,30.00,60,2,37t,Randal WilliamsR. Williams,dallas-cowboys,1,2017
2,0,19.00,38,2,22,Joey GallowayJ. Galloway,dallas-cowboys,0,2017
3,0,12.00,24,2,15,Erik BickerstaffE. Bickerstaff,dallas-cowboys,0,2017
4,0,5.00,5,1,5,Eric OgboguE. Ogbogu,dallas-cowboys,0,2017
5,0,21.53,"1,292",60,54,Dallas,dallas-cowboys,1,2017
6,0,21.94,"1,448",66,63,Opponents,dallas-cowboys,0,2017
7,13,7.07,212,30,46,Zuriel SmithZ. Smith,dallas-cowboys,0,2017
8,8,8.90,178,20,36,Joey GallowayJ. Galloway,dallas-cowboys,0,2017
9,3,0.00,0,1,0,Reggie SwintonR. Swinton,dallas-cowboys,0,2017
10,24,7.65,390,51,46,Dallas,dallas-cowboys,0,2017
0,Brett PierceB. Pierce,0,19,0,1,12.50,dallas-cowboys,13,2017
1,Matt LehrM. Lehr,0,13,0,1,13.00,dallas-cowboys,9,2017
2,Dallas,0,9,0,78,9.00,dallas-cowboys,"1,603",2017
3,Opponents,0,62,0,62,20.55,dallas-cowboys,"1,083",2017
4,Lance FrazierL. Frazier,0,34,0,24,17.47,dallas-cowboys,229,2017
5,Dedric WardD. Ward,0,55,9,14,9.54,dallas-cowboys,114,2017
6,Patrick CraytonP. Crayton,0,13,6,4,8.14,dallas-cowboys,34,2017
7,Terence NewmanT. Newman,0,17,1,2,8.50,dallas-cowboys,13,2017
8,Dallas,0,7,0,44,6.50,dallas-cowboys,390,2017
9,Opponents,0,55,16,39,8.86,dallas-cowboys,410,2017
0,0,14,0,14.00,Dallas,14,dallas-cowboys,64,2017
1,0,49,0,23.80,Opponents,"1,523",dallas-cowboys,66,2017
2,0,49,0,21.70,Patrick CraytonP. Crayton,"1,432",dallas-cowboys,23,2017
3,0,25,9,7.22,Peerless PriceP. Price,166,dallas-cowboys,12,2017
4,0,11,6,5.25,Terence NewmanT. Newman,63,dallas-cowboys,10,2017
5,0,26,6,5.50,Dallas,55,dallas-cowboys,45,2017
6,0,26,21,6.31,Opponents,284,dallas-cowboys,33,2017
0,Aaron GlennA. Glenn,0,21,0,3,19.67,dallas-cowboys,24,2017
1,Nathan JonesN. Jones,0,14,0,1,8.00,dallas-cowboys,13,2017
2,Al JohnsonA. Johnson,0,13,0,1,13.00,dallas-cowboys,3,2017
3,Pat WatkinsP. Watkins,0,3,0,1,3.00,dallas-cowboys,0,2017
4,Jay RatliffJ. Ratliff,0,0,0,1,0.00,dallas-cowboys,0,2017
5,Dallas,0,0,0,64,0.00,dallas-cowboys,"1,493",2017
6,Opponents,0,41,0,80,23.33,dallas-cowboys,"1,571",2017
7,Terence NewmanT. Newman,1,100t,0,20,19.64,dallas-cowboys,202,2017
8,Patrick CraytonP. Crayton,1,56t,6,11,10.10,dallas-cowboys,85,2017
9,Skyler GreenS. Green,0,19,7,5,7.73,dallas-cowboys,26,2017
10,Jamaica RectorJ. Rector,0,13,3,4,5.20,dallas-cowboys,22,2017
0,27,3,Tony CurtisT. Curtis,0,9.00,35,dallas-cowboys,0,2017
1,26,3,Patrick CraytonP. Crayton,0,8.67,16,dallas-cowboys,0,2017
2,12,1,Pat McQuistanP. McQuistan,0,12.00,13,dallas-cowboys,0,2017
3,10,1,Deon AndersonD. Anderson,0,10.00,12,dallas-cowboys,0,2017
4,"1,358",61,Dallas,0,22.26,10,dallas-cowboys,0,2017
5,"1,979",86,Opponents,0,23.01,72,dallas-cowboys,0,2017
6,201,22,Patrick CraytonP. Crayton,1,9.14,103t,dallas-cowboys,20,2017
7,26,4,Terence NewmanT. Newman,0,6.50,49,dallas-cowboys,1,2017
8,227,26,Dallas,0,8.73,13,dallas-cowboys,21,2017
9,406,35,Opponents,0,11.60,49,dallas-cowboys,9,2017
0,0,20.25,81,4,25,Orlando ScandrickO. Scandrick,dallas-cowboys,0,2017
1,0,18.00,18,1,18,Anthony SpencerA. Spencer,dallas-cowboys,0,2017
2,0,11.00,11,1,11,Patrick CraytonP. Crayton,dallas-cowboys,0,2017
3,0,9.00,9,1,9,Deon AndersonD. Anderson,dallas-cowboys,0,2017
4,0,4.00,4,1,4,Tony CurtisT. Curtis,dallas-cowboys,0,2017
5,0,22.20,"1,554",70,98t,Dallas,dallas-cowboys,1,2017
6,0,21.27,"1,510",71,93t,Opponents,dallas-cowboys,1,2017
7,9,9.53,143,15,33,Patrick CraytonP. Crayton,dallas-cowboys,0,2017
8,0,4.52,95,21,18,Adam JonesA. Jones,dallas-cowboys,0,2017
9,0,0.00,0,1,0,Tra BattleT. Battle,dallas-cowboys,0,2017
10,9,6.43,238,37,33,Dallas,dallas-cowboys,0,2017
0,0,22.43,157,7,29,Miles AustinM. Austin,dallas-cowboys,0,2017
1,0,16.00,16,1,16,Allen RossumA. Rossum,dallas-cowboys,0,2017
2,0,15.00,15,1,15,Deon AndersonD. Anderson,dallas-cowboys,0,2017
3,0,21.96,"1,032",47,41,Dallas,dallas-cowboys,0,2017
4,0,20.57,967,47,67,Opponents,dallas-cowboys,0,2017
5,23,12.14,437,36,82t,Patrick CraytonP. Crayton,dallas-cowboys,2,2017
6,0,0.00,0,1,0,Kevin OgletreeK. Ogletree,dallas-cowboys,0,2017
0,43,0,24.42,293,0,12,dallas-cowboys,Kevin OgletreeK. Ogletree,2017
1,31,0,18.17,109,0,6,dallas-cowboys,Tashard ChoiceT. Choice,2017
2,27,0,20.33,61,0,3,dallas-cowboys,Chris GronkowskiC. Gronkowski,2017
3,13,0,11.50,23,0,2,dallas-cowboys,Martin RuckerM. Rucker,2017
4,16,0,16.00,16,0,1,dallas-cowboys,Scott ChandlerS. Chandler,2017
5,11,0,11.00,11,0,1,dallas-cowboys,Terence NewmanT. Newman,2017
6,9,0,9.00,9,0,1,dallas-cowboys,Dallas,2017
7,43,0,21.24,"1,572",0,74,dallas-cowboys,Opponents,2017
8,95t,0,24.34,"1,363",1,56,dallas-cowboys,Dez BryantD. Bryant,2017
9,93t,0,14.33,215,2,15,dallas-cowboys,Bryan McCannB. McCann,2017
10,97t,10,20.62,165,1,8,dallas-cowboys,Jesse HolleyJ. Holley,2017
0,0,28.88,231,8,51,Dwayne HarrisD. Harris,dallas-cowboys,0,2017
1,0,26.57,186,7,69,Felix JonesF. Jones,dallas-cowboys,0,2017
2,0,19.00,114,6,25,Kevin OgletreeK. Ogletree,dallas-cowboys,0,2017
3,0,18.67,56,3,23,Akwasi Owusu-AnsahA. Owusu-Ansah,dallas-cowboys,0,2017
4,0,18.33,55,3,26,Dez BryantD. Bryant,dallas-cowboys,0,2017
5,0,38.00,38,1,38,Sean LissemoreS. Lissemore,dallas-cowboys,0,2017
6,0,18.00,36,2,22,DeMarco MurrayD. Murray,dallas-cowboys,0,2017
7,0,13.00,26,2,16,John PhillipsJ. Phillips,dallas-cowboys,0,2017
8,0,26.00,26,1,26,Bryan McCannB. McCann,dallas-cowboys,0,2017
9,0,23.27,768,33,69,Dallas,dallas-cowboys,0,2017
10,0,21.42,"1,114",52,43,Opponents,dallas-cowboys,0,2017
0,0,21.75,261,12,44,Lance DunbarL. Dunbar,dallas-cowboys,0,2017
1,0,21.45,236,11,29,Felix JonesF. Jones,dallas-cowboys,0,2017
2,0,19.09,210,11,29,Dwayne HarrisD. Harris,dallas-cowboys,0,2017
3,0,20.00,20,1,20,John PhillipsJ. Phillips,dallas-cowboys,0,2017
4,0,14.00,14,1,14,Lawrence VickersL. Vickers,dallas-cowboys,0,2017
5,0,0.00,0,0,0,James HannaJ. Hanna,dallas-cowboys,0,2017
6,0,20.58,741,36,44,Dallas,dallas-cowboys,0,2017
7,0,22.04,"1,102",50,108t,Opponents,dallas-cowboys,1,2017
0,0,30.61,857,28,90,Dwayne HarrisD. Harris,dallas-cowboys,0,2017
1,0,23.67,142,6,32,Terrance WilliamsT. Williams,dallas-cowboys,0,2017
2,0,17.00,51,3,19,Micheal SpurlockM. Spurlock,dallas-cowboys,0,2017
3,0,14.50,29,2,16,Kyle BosworthK. Bosworth,dallas-cowboys,0,2017
4,0,28.00,28,1,28,Lance DunbarL. Dunbar,dallas-cowboys,0,2017
5,0,12.00,12,1,12,Tyler CluttsT. Clutts,dallas-cowboys,0,2017
6,0,11.00,11,1,11,Cole BeasleyC. Beasley,dallas-cowboys,0,2017
7,0,10.00,10,1,10,Andre SmithA. Smith,dallas-cowboys,0,2017
8,0,7.00,7,1,7,Joseph RandleJ. Randle,dallas-cowboys,0,2017
9,0,0.00,0,1,0,Gavin EscobarG. Escobar,dallas-cowboys,0,2017
10,1,0.00,0,0,0,Everette BrownE. Brown,dallas-cowboys,0,2017
11,1,25.49,"1,147",45,90,Dallas,dallas-cowboys,0,2017
12,0,20.82,791,38,45,Opponents,dallas-cowboys,0,2017
0,0,24.73,742,30,42,Dwayne HarrisD. Harris,dallas-cowboys,0,2017
1,0,23.00,46,2,28,Lance DunbarL. Dunbar,dallas-cowboys,0,2017
2,0,2.00,2,1,2,Kyle WilberK. Wilber,dallas-cowboys,0,2017
3,0,23.94,790,33,42,Dallas,dallas-cowboys,0,2017
4,0,21.42,921,43,46,Opponents,dallas-cowboys,0,2017
0,0,28.25,452,16,79,Lucky WhiteheadL. Whitehead,dallas-cowboys,0,2017
1,0,24.33,146,6,32,Lance DunbarL. Dunbar,dallas-cowboys,0,2017
2,0,26.00,26,1,26,Rod SmithR. Smith,dallas-cowboys,0,2017
3,0,13.00,26,2,20,Tyler PatmonT. Patmon,dallas-cowboys,0,2017
4,0,23.00,23,1,23,Darren McFaddenD. McFadden,dallas-cowboys,0,2017
5,0,22.00,22,1,22,Devin StreetD. Street,dallas-cowboys,0,2017
6,0,9.00,9,1,9,Terrance WilliamsT. Williams,dallas-cowboys,0,2017
7,0,25.14,704,28,79,Dallas,dallas-cowboys,0,2017
8,0,23.87,549,23,100t,Opponents,dallas-cowboys,1,2017
0,0,23.18,394,17,33,Lucky WhiteheadL. Whitehead,dallas-cowboys,0,2017
1,0,16.00,32,2,16,Lance DunbarL. Dunbar,dallas-cowboys,0,2017
2,0,30.00,30,1,30,Darren McFaddenD. McFadden,dallas-cowboys,0,2017
3,0,19.00,19,1,19,Rod SmithR. Smith,dallas-cowboys,0,2017
4,0,12.00,12,1,12,Alfred MorrisA. Morris,dallas-cowboys,0,2017
5,0,5.00,5,1,5,Gavin EscobarG. Escobar,dallas-cowboys,0,2017
6,0,0.00,0,1,0,Ryan DavisR. Davis,dallas-cowboys,0,2017
7,0,20.50,492,24,33,Dallas,dallas-cowboys,0,2017
8,0,22.61,746,33,53,Opponents,dallas-cowboys,0,2017
0,0,25.00,600,24,61,Ryan SwitzerR. Switzer,dallas-cowboys,0,2017
1,0,20.00,20,1,20,Rod SmithR. Smith,dallas-cowboys,0,2017
2,1,0.00,0,0,0,Cole BeasleyC. Beasley,dallas-cowboys,0,2017
3,1,24.80,620,25,61,Dallas,dallas-cowboys,0,2017
4,0,21.69,759,35,66,Opponents,dallas-cowboys,0,2017
0,31,2,Jason SehornJ. Sehorn,0,15.50,40,new-york-giants,0,2017
1,28,1,Tiki BarberT. Barber,1,28.00,38t,new-york-giants,0,2017
2,20,2,Greg ComellaG. Comella,0,10.00,28,new-york-giants,0,2017
3,3,1,Joe JureviciusJ. Jurevicius,0,3.00,11,new-york-giants,0,2017
4,"1,102",53,NY Giants,0,20.79,3,new-york-giants,0,2017
5,"1,509",67,Opponents,1,22.52,47,new-york-giants,0,2017
6,332,39,Tiki BarberT. Barber,0,8.51,90,new-york-giants,20,2017
7,0,1,Greg ComellaG. Comella,0,0.00,31,new-york-giants,0,2017
8,332,40,NY Giants,0,8.30,0,new-york-giants,20,2017
9,353,28,Opponents,0,12.61,31,new-york-giants,17,2017
0,0,17,0,17.00,Marcellus RiversM. Rivers,17,new-york-giants,1,2017
1,0,11,0,11.00,Dan CampbellD. Campbell,11,new-york-giants,2,2017
2,0,8,0,4.00,NY Giants,8,new-york-giants,60,2017
3,0,43,0,17.70,Opponents,"1,062",new-york-giants,66,2017
4,0,68,0,24.14,Tiki BarberT. Barber,"1,593",new-york-giants,38,2017
5,0,23,12,8.89,Amani ToomerA. Toomer,338,new-york-giants,8,2017
6,0,15,1,5.12,Ron DixonR. Dixon,41,new-york-giants,1,2017
7,0,-3,0,-3.00,NY Giants,-3,new-york-giants,47,2017
8,0,23,13,8.00,Opponents,376,new-york-giants,45,2017
0,0,35,0,30.50,Jonathan CarterJ. Carter,61,new-york-giants,1,2017
1,0,14,0,14.00,Nick GreisenN. Greisen,14,new-york-giants,1,2017
2,0,12,0,12.00,Dan CampbellD. Campbell,12,new-york-giants,2,2017
3,0,5,0,3.00,Sean BennettS. Bennett,6,new-york-giants,1,2017
4,0,0,0,0.00,NY Giants,0,new-york-giants,59,2017
5,0,46,0,20.66,Opponents,"1,219",new-york-giants,74,2017
6,0,37,0,22.45,Delvin JoyceD. Joyce,"1,661",new-york-giants,25,2017
7,0,37,18,8.40,Daryl JonesD. Jones,210,new-york-giants,6,2017
8,0,17,3,4.67,Tiki BarberT. Barber,28,new-york-giants,1,2017
9,0,5,1,5.00,NY Giants,5,new-york-giants,32,2017
10,0,37,22,7.59,Opponents,243,new-york-giants,30,2017
0,1,Tim CarterT. Carter,0,12,9,0,new-york-giants,9.00,2017
1,75,NY Giants,0,9,"1,492",0,new-york-giants,19.89,2017
2,56,Opponents,0,36,"1,128",0,new-york-giants,20.14,2017
3,29,Brian MitchellB. Mitchell,0,50,154,0,new-york-giants,5.31,2017
4,2,Delvin JoyceD. Joyce,0,15,9,14,new-york-giants,4.50,2017
5,1,Omar StoutmireO. Stoutmire,0,8,0,1,new-york-giants,0.00,2017
6,32,NY Giants,0,0,163,0,new-york-giants,5.09,2017
7,40,Opponents,0,15,432,15,new-york-giants,10.80,2017
0,0,16,0,16.00,Ron DayneR. Dayne,16,new-york-giants,1,2017
1,0,11,0,11.00,Marcellus RiversM. Rivers,11,new-york-giants,1,2017
2,0,8,0,8.00,Visanthe ShiancoeV. Shiancoe,8,new-york-giants,1,2017
3,0,8,0,8.00,NY Giants,8,new-york-giants,66,2017
4,2,92t,0,25.12,Opponents,"1,658",new-york-giants,66,2017
5,0,49,0,19.36,Mark JonesM. Jones,"1,278",new-york-giants,34,2017
6,0,29,11,6.68,Ike HilliardI. Hilliard,227,new-york-giants,4,2017
7,0,15,0,6.50,NY Giants,26,new-york-giants,38,2017
8,0,29,11,6.66,Opponents,253,new-york-giants,38,2017
9,0,42,15,9.37,Jeff FeaglesJ. Feagles,356,new-york-giants,74,2017
0,Kenderick AllenK. Allen,0,5,0,1,5.00,new-york-giants,2,2017
1,NY Giants,0,2,0,63,2.00,new-york-giants,"1,529",2017
2,Opponents,1,95t,0,85,24.27,new-york-giants,"1,867",2017
3,Chad MortonC. Morton,1,86t,0,47,21.96,new-york-giants,453,2017
4,James ButlerJ. Butler,1,58,16,1,9.64,new-york-giants,0,2017
5,Chase BlackburnC. Blackburn,0,0,0,1,0.00,new-york-giants,0,2017
6,NY Giants,0,0,0,49,0.00,new-york-giants,453,2017
0,17,1,R.W. McQuartersR. McQuarters,0,17.00,28,new-york-giants,0,2017
1,2,1,Chase BlackburnC. Blackburn,0,2.00,17,new-york-giants,0,2017
2,0,1,Grey RuegamerG. Ruegamer,0,0.00,2,new-york-giants,0,2017
3,"1,407",70,NY Giants,0,20.10,0,new-york-giants,0,2017
4,"1,455",65,Opponents,0,22.38,51,new-york-giants,0,2017
5,268,29,Chad MortonC. Morton,0,9.24,64,new-york-giants,13,2017
6,20,4,R.W. McQuartersR. McQuarters,0,5.00,38,new-york-giants,2,2017
7,288,33,NY Giants,0,8.73,12,new-york-giants,15,2017
8,191,33,Opponents,0,5.79,38,new-york-giants,13,2017
0,7.57,318,42,R.W. McQuartersR. McQuarters,18,1,new-york-giants,27,2017
1,1.00,1,1,Ahmad BradshawA. Bradshaw,0,0,new-york-giants,1,2017
2,7.42,319,43,NY Giants,18,0,new-york-giants,27,2017
3,6.18,173,28,Opponents,17,0,new-york-giants,27,2017
4,40.4,"2,865",71,Jeff FeaglesJ. Feagles,60,0,new-york-giants,5,2017
0,0,21,0,21.00,R.W. McQuartersR. McQuarters,21,new-york-giants,1,2017
1,0,18,0,18.00,Darcy JohnsonD. Johnson,18,new-york-giants,2,2017
2,0,2,0,1.00,NY Giants,2,new-york-giants,55,2017
3,0,83,0,23.35,Opponents,"1,284",new-york-giants,85,2017
4,0,55,0,22.49,Domenik HixonD. Hixon,"1,912",new-york-giants,24,2017
5,0,50,9,10.08,R.W. McQuartersR. McQuarters,242,new-york-giants,13,2017
6,0,15,9,6.62,Ahmad BradshawA. Bradshaw,86,new-york-giants,1,2017
7,0,6,0,6.00,Corey WebsterC. Webster,6,new-york-giants,1,2017
8,0,3,0,3.00,NY Giants,3,new-york-giants,39,2017
0,16,1,Hakeem NicksH. Nicks,0,16.00,20,new-york-giants,0,2017
1,15,1,Gartrell JohnsonG. Johnson,0,15.00,16,new-york-giants,0,2017
2,8,1,Madison HedgecockM. Hedgecock,0,8.00,15,new-york-giants,0,2017
3,3,1,Chase BlackburnC. Blackburn,0,3.00,8,new-york-giants,0,2017
4,3,1,Travis BeckumT. Beckum,0,3.00,3,new-york-giants,0,2017
5,0,1,William BeattyW. Beatty,0,0.00,3,new-york-giants,0,2017
6,"1,482",71,NY Giants,0,20.87,0,new-york-giants,0,2017
7,"1,619",77,Opponents,0,21.03,68,new-york-giants,0,2017
8,256,17,Domenik HixonD. Hixon,0,15.06,53,new-york-giants,17,2017
9,74,11,Sinorice MossS. Moss,1,6.73,79t,new-york-giants,0,2017
10,55,6,Ahmad BradshawA. Bradshaw,0,9.17,16,new-york-giants,1,2017
0,0,42,0,18.31,Hakeem NicksH. Nicks,238,new-york-giants,1,2017
1,0,14,0,14.00,Jason Pierre-PaulJ. Pierre-Paul,14,new-york-giants,1,2017
2,0,12,0,12.00,NY Giants,12,new-york-giants,57,2017
3,0,42,0,18.98,Opponents,"1,082",new-york-giants,77,2017
4,0,58,0,19.68,Darius ReynaudD. Reynaud,"1,515",new-york-giants,23,2017
5,0,20,5,5.74,Will BlackmonW. Blackmon,132,new-york-giants,14,2017
6,0,22,7,6.71,Aaron RossA. Ross,94,new-york-giants,6,2017
0,0,24.28,607,25,40,Devin ThomasD. Thomas,new-york-giants,0,2017
1,0,24.36,341,14,38,Da'Rel ScottD. Scott,new-york-giants,0,2017
2,0,23.25,186,8,31,Jerrel JerniganJ. Jernigan,new-york-giants,0,2017
3,0,21.50,43,2,32,Will BlackmonW. Blackmon,new-york-giants,0,2017
4,0,8.50,17,2,17,D.J. WareD. Ware,new-york-giants,0,2017
5,0,15.00,15,1,15,Henry HynoskiH. Hynoski,new-york-giants,0,2017
6,0,23.25,"1,209",52,40,NY Giants,new-york-giants,0,2017
7,0,22.89,"1,053",46,42,Opponents,new-york-giants,0,2017
0,0,26.89,"1,533",57,97t,David WilsonD. Wilson,new-york-giants,1,2017
1,0,30.00,60,2,60,Jerrel JerniganJ. Jernigan,new-york-giants,0,2017
2,0,14.00,42,3,22,Andre BrownA. Brown,new-york-giants,0,2017
3,0,13.00,13,1,13,Martellus BennettM. Bennett,new-york-giants,0,2017
4,0,26.16,"1,648",63,97t,NY Giants,new-york-giants,1,2017
5,0,23.74,"1,662",70,74,Opponents,new-york-giants,0,2017
0,0,21.80,436,20,56,Michael CoxM. Cox,new-york-giants,0,2017
1,0,22.36,246,11,46,Jerrel JerniganJ. Jernigan,new-york-giants,0,2017
2,0,24.67,222,9,31,David WilsonD. Wilson,new-york-giants,0,2017
3,0,13.00,13,1,13,Markus KuhnM. Kuhn,new-york-giants,0,2017
4,0,12.00,12,1,12,Damontre MooreD. Moore,new-york-giants,0,2017
5,0,4.00,4,1,4,Antrel RolleA. Rolle,new-york-giants,0,2017
6,0,0.00,0,1,0,Brandon MosleyB. Mosley,new-york-giants,0,2017
7,0,21.20,933,44,56,NY Giants,new-york-giants,0,2017
8,0,21.85,721,33,69,Opponents,new-york-giants,0,2017
0,0,24.24,509,21,45,Preston ParkerP. Parker,new-york-giants,0,2017
1,0,23.73,261,11,40,Michael CoxM. Cox,new-york-giants,0,2017
2,0,21.25,255,12,29,Quintin DempsQ. Demps,new-york-giants,0,2017
3,0,23.30,"1,025",44,45,NY Giants,new-york-giants,0,2017
4,0,18.34,587,32,33,Opponents,new-york-giants,0,2017
0,0,28.68,631,22,100t,Dwayne HarrisD. Harris,new-york-giants,1,2017
1,0,22.93,321,14,46,Shane VereenS. Vereen,new-york-giants,0,2017
2,0,20.00,20,1,20,Ben EdwardsB. Edwards,new-york-giants,0,2017
3,0,6.00,6,1,6,Mark HerzlichM. Herzlich,new-york-giants,0,2017
4,0,-7.00,-7,1,-7,Rashad JenningsR. Jennings,new-york-giants,0,2017
5,0,24.90,971,39,100t,NY Giants,new-york-giants,1,2017
6,0,20.28,"1,095",54,101t,Opponents,new-york-giants,1,2017
0,0,24.23,533,22,46,Dwayne HarrisD. Harris,new-york-giants,0,2017
1,0,25.50,204,8,38,Bobby RaineyB. Rainey,new-york-giants,0,2017
2,0,2.00,2,1,2,Mark HerzlichM. Herzlich,new-york-giants,0,2017
3,0,23.84,739,31,46,NY Giants,new-york-giants,0,2017
4,0,22.81,730,32,84,Opponents,new-york-giants,0,2017
0,0,21.78,196,9,30,Shane VereenS. Vereen,new-york-giants,0,2017
1,0,20.89,188,9,30,Dwayne HarrisD. Harris,new-york-giants,0,2017
2,0,16.91,186,11,24,Khalif RaymondK. Raymond,new-york-giants,0,2017
3,0,20.00,20,1,20,Odell Beckham Jr.O. Beckham,new-york-giants,0,2017
4,0,19.00,19,1,19,Hunter SharpH. Sharp,new-york-giants,0,2017
5,0,19.65,609,31,30,NY Giants,new-york-giants,0,2017
6,0,20.50,656,32,47,Opponents,new-york-giants,0,2017
0,"1,237",53,Philadelphia,0,23.34,10,philadelphia-eagles,0,2017
1,"1,519",72,Opponents,1,21.10,89t,philadelphia-eagles,0,2017
2,335,32,Brian MitchellB. Mitchell,0,10.47,47,philadelphia-eagles,33,2017
3,0,1,Jason BosticJ. Bostic,1,0.00,72t,philadelphia-eagles,0,2017
4,335,33,Philadelphia,0,10.15,0,philadelphia-eagles,33,2017
5,375,47,Opponents,1,7.98,72t,philadelphia-eagles,18,2017
6,"3,635",86,Sean LandetaS. Landeta,1,42.3,70t,philadelphia-eagles,60,2017
7,47,36.0,0,23,375,8,philadelphia-eagles,--,2017
0,0.00,-11,0,Ike ReeseI. Reese,0,0,philadelphia-eagles,-11,2017
1,23.78,"1,165",49,Philadelphia,0,0,philadelphia-eagles,94t,2017
2,21.34,"1,430",67,Opponents,0,1,philadelphia-eagles,59,2017
3,11.97,467,39,Brian MitchellB. Mitchell,22,0,philadelphia-eagles,54,2017
4,6.00,30,5,Na BrownN. Brown,0,0,philadelphia-eagles,11,2017
5,0.00,11,0,Rashard CookR. Cook,0,0,philadelphia-eagles,11,2017
6,11.55,508,44,Philadelphia,22,0,philadelphia-eagles,54,2017
7,8.71,488,56,Opponents,16,0,philadelphia-eagles,30,2017
0,0,12.00,12,1,12,Jeff ThomasonJ. Thomason,philadelphia-eagles,0,2017
1,0,0.00,0,1,0,Ndukwe KaluN. Kalu,philadelphia-eagles,0,2017
2,0,24.94,"1,297",52,57,Philadelphia,philadelphia-eagles,0,2017
3,0,21.54,"1,637",76,100t,Opponents,philadelphia-eagles,1,2017
4,11,12.33,567,46,76t,Brian MitchellB. Mitchell,philadelphia-eagles,1,2017
5,0,0.00,0,1,0,Bobby TaylorB. Taylor,philadelphia-eagles,0,2017
6,11,12.06,567,47,76t,Philadelphia,philadelphia-eagles,1,2017
7,20,14.00,420,30,90t,Opponents,philadelphia-eagles,2,2017
0,0,54,0,21.34,Opponents,"1,387",philadelphia-eagles,74,2017
1,1,54,0,21.49,Brian WestbrookB. Westbrook,"1,590",philadelphia-eagles,20,2017
2,2,84t,16,15.30,Reno MaheR. Mahe,306,philadelphia-eagles,6,2017
3,0,17,6,9.17,Lito SheppardL. Sheppard,55,philadelphia-eagles,4,2017
4,0,5,1,3.75,James ThrashJ. Thrash,15,philadelphia-eagles,1,2017
5,0,2,1,2.00,Philadelphia,2,philadelphia-eagles,31,2017
0,21.00,21,1,Dexter WynnD. Wynn,0,0,philadelphia-eagles,21,2017
1,21.68,"1,214",56,Philadelphia,0,0,philadelphia-eagles,66,2017
2,23.19,"1,693",73,Opponents,0,0,philadelphia-eagles,73,2017
3,10.78,194,18,Dexter WynnD. Wynn,7,0,philadelphia-eagles,40,2017
4,5.74,109,19,Reno MaheR. Mahe,8,0,philadelphia-eagles,25,2017
5,21.00,42,2,Lito SheppardL. Sheppard,5,0,philadelphia-eagles,39,2017
6,0.00,18,0,J.R. ReedJ. Reed,0,0,philadelphia-eagles,18,2017
7,7.00,14,2,Brian WestbrookB. Westbrook,0,0,philadelphia-eagles,14,2017
0,1,Reno MaheR. Mahe,0,15,19,0,philadelphia-eagles,19.00,2017
1,1,Mike PattersonM. Patterson,0,19,12,0,philadelphia-eagles,12.00,2017
2,71,Philadelphia,0,12,"1,578",0,philadelphia-eagles,22.23,2017
3,67,Opponents,0,53,"1,416",0,philadelphia-eagles,21.13,2017
4,21,Reno MaheR. Mahe,1,96t,269,0,philadelphia-eagles,12.81,2017
5,22,Dexter WynnD. Wynn,0,44,110,9,philadelphia-eagles,5.00,2017
6,8,Brian WestbrookB. Westbrook,0,27,60,10,philadelphia-eagles,7.50,2017
7,2,Lito SheppardL. Sheppard,0,23,9,2,philadelphia-eagles,4.50,2017
8,53,Philadelphia,0,8,448,3,philadelphia-eagles,8.45,2017
0,43,2,Ryan MoatsR. Moats,0,21.50,28,philadelphia-eagles,0,2017
1,16,1,Lito SheppardL. Sheppard,0,16.00,23,philadelphia-eagles,0,2017
2,13,2,Matt SchobelM. Schobel,0,6.50,16,philadelphia-eagles,0,2017
3,"1,204",58,Philadelphia,0,20.76,11,philadelphia-eagles,0,2017
4,"1,647",71,Opponents,0,23.20,64,philadelphia-eagles,0,2017
5,169,18,Reno MaheR. Mahe,0,9.39,41,philadelphia-eagles,12,2017
6,131,13,Dexter WynnD. Wynn,0,10.08,23,philadelphia-eagles,5,2017
7,39,5,Brian WestbrookB. Westbrook,0,7.80,22,philadelphia-eagles,3,2017
8,339,36,Philadelphia,0,9.42,13,philadelphia-eagles,20,2017
0,0,0.00,4,0,4,Hank BaskettH. Baskett,philadelphia-eagles,0,2017
1,0,3.00,3,1,3,Greg LewisG. Lewis,philadelphia-eagles,0,2017
2,0,21.68,"1,539",71,35,Philadelphia,philadelphia-eagles,0,2017
3,0,22.26,"1,536",69,51,Opponents,philadelphia-eagles,0,2017
4,11,8.03,249,31,32,Reno MaheR. Mahe,philadelphia-eagles,0,2017
5,0,19.75,79,4,64,Brian WestbrookB. Westbrook,philadelphia-eagles,0,2017
6,0,4.00,8,2,8,J.R. ReedJ. Reed,philadelphia-eagles,0,2017
7,1,1.00,4,4,5,Greg LewisG. Lewis,philadelphia-eagles,0,2017
0,12.00,12,1,Dan KleckoD. Klecko,0,0,philadelphia-eagles,12,2017
1,3.00,3,1,Victor AbiamiriV. Abiamiri,0,0,philadelphia-eagles,3,2017
2,23.52,"1,411",60,Philadelphia,0,0,philadelphia-eagles,100t,2017
3,22.64,"1,698",75,Opponents,0,1,philadelphia-eagles,98t,2017
4,8.80,440,50,DeSean JacksonD. Jackson,16,1,philadelphia-eagles,68t,2017
5,6.00,6,1,Greg LewisG. Lewis,0,1,philadelphia-eagles,6,2017
6,0.00,0,1,Joselio HansonJ. Hanson,0,0,philadelphia-eagles,0,2017
7,8.58,446,52,Philadelphia,16,0,philadelphia-eagles,68t,2017
8,7.22,296,41,Opponents,12,1,philadelphia-eagles,45,2017
0,0,25.83,155,6,48,Quintin DempsQ. Demps,philadelphia-eagles,0,2017
1,0,17.71,124,7,28,Jeremy MaclinJ. Maclin,philadelphia-eagles,0,2017
2,0,16.50,33,2,18,Leonard WeaverL. Weaver,philadelphia-eagles,0,2017
3,0,4.00,4,1,4,Alex SmithA. Smith,philadelphia-eagles,0,2017
4,0,0.00,0,1,0,DeSean JacksonD. Jackson,philadelphia-eagles,0,2017
5,0,0.00,0,2,0,Jason BabinJ. Babin,philadelphia-eagles,0,2017
6,0,20.53,"1,191",58,63,Philadelphia,philadelphia-eagles,0,2017
7,0,23.54,"1,907",81,52,Opponents,philadelphia-eagles,0,2017
8,15,15.21,441,29,85t,DeSean JacksonD. Jackson,philadelphia-eagles,2,2017
9,4,5.00,30,6,27,Jeremy MaclinJ. Maclin,philadelphia-eagles,0,2017
0,Gerard LawsonG. Lawson,0,21,0,2,16.25,philadelphia-eagles,48,2017
1,Jeremy MaclinJ. Maclin,0,28,0,1,24.00,philadelphia-eagles,22,2017
2,Eldra BuckleyE. Buckley,0,22,0,1,22.00,philadelphia-eagles,20,2017
3,Clay HarborC. Harbor,0,20,0,1,20.00,philadelphia-eagles,19,2017
4,Owen SchmittO. Schmitt,0,19,0,2,19.00,philadelphia-eagles,18,2017
5,Dimitri PattersonD. Patterson,0,18,1,1,9.00,philadelphia-eagles,14,2017
6,Brent CelekB. Celek,0,14,0,1,14.00,philadelphia-eagles,12,2017
7,Riley CooperR. Cooper,0,12,0,0,12.00,philadelphia-eagles,9,2017
8,Mike BellM. Bell,0,9,0,1,0.00,philadelphia-eagles,8,2017
9,Philadelphia,0,8,0,62,8.00,philadelphia-eagles,"1,272",2017
10,Opponents,0,46,1,69,20.52,philadelphia-eagles,"1,502",2017
11,DeSean JacksonD. Jackson,0,61,0,20,21.77,philadelphia-eagles,231,2017
12,Jorrick CalvinJ. Calvin,1,65t,8,12,11.55,philadelphia-eagles,125,2017
13,Chad HallC. Hall,0,44,4,3,10.42,philadelphia-eagles,31,2017
0,0,21.58,669,31,33,Dion LewisD. Lewis,philadelphia-eagles,0,2017
1,0,26.00,52,2,29,Dominique Rodgers-CromartieD. Rodgers-Cromartie,philadelphia-eagles,0,2017
2,0,21.50,43,2,24,Chad HallC. Hall,philadelphia-eagles,0,2017
3,0,14.00,28,2,25,Ronnie BrownR. Brown,philadelphia-eagles,0,2017
4,0,16.00,16,1,16,Riley CooperR. Cooper,philadelphia-eagles,0,2017
5,0,7.00,7,1,7,DeSean JacksonD. Jackson,philadelphia-eagles,0,2017
6,0,20.90,815,39,33,Philadelphia,philadelphia-eagles,0,2017
7,0,23.10,"1,178",51,51,Opponents,philadelphia-eagles,0,2017
0,0,23.04,"1,037",45,44,Brandon BoykinB. Boykin,philadelphia-eagles,0,2017
1,0,19.50,156,8,25,Bryce BrownB. Brown,philadelphia-eagles,0,2017
2,0,33.00,33,1,33,Dion LewisD. Lewis,philadelphia-eagles,0,2017
3,0,9.00,18,2,18,Stanley HaviliS. Havili,philadelphia-eagles,0,2017
4,0,14.00,14,1,14,Riley CooperR. Cooper,philadelphia-eagles,0,2017
5,0,1.00,1,1,1,Akeem JordanA. Jordan,philadelphia-eagles,0,2017
6,0,0.00,0,1,0,Cedric ThorntonC. Thornton,philadelphia-eagles,0,2017
7,0,0.00,0,1,0,Chris PolkC. Polk,philadelphia-eagles,0,2017
8,0,20.98,"1,259",60,44,Philadelphia,philadelphia-eagles,0,2017
9,0,24.68,"1,012",41,53,Opponents,philadelphia-eagles,0,2017
0,0,25.94,441,17,33,Damaris JohnsonD. Johnson,philadelphia-eagles,0,2017
1,0,22.78,205,9,41,Brandon BoykinB. Boykin,philadelphia-eagles,0,2017
2,0,26.50,106,4,47,Brad SmithB. Smith,philadelphia-eagles,0,2017
3,0,7.00,14,2,14,Brandon GrahamB. Graham,philadelphia-eagles,0,2017
4,0,10.00,10,1,10,DeSean JacksonD. Jackson,philadelphia-eagles,0,2017
5,0,10.00,10,1,10,James CaseyJ. Casey,philadelphia-eagles,0,2017
6,0,8.00,8,1,8,Chris PolkC. Polk,philadelphia-eagles,0,2017
7,0,0.00,0,1,0,Zach ErtzZ. Ertz,philadelphia-eagles,0,2017
8,0,-4.00,-4,1,-4,Riley CooperR. Cooper,philadelphia-eagles,0,2017
9,0,21.35,790,37,47,Philadelphia,philadelphia-eagles,0,2017
10,0,23.63,"1,229",52,105t,Opponents,philadelphia-eagles,2,2017
0,0,29.64,415,14,107t,Josh HuffJ. Huff,philadelphia-eagles,1,2017
1,0,30.91,340,11,102t,Chris PolkC. Polk,philadelphia-eagles,1,2017
2,0,22.50,45,2,24,Nolan CarrollN. Carroll,philadelphia-eagles,0,2017
3,0,12.67,38,3,16,James CaseyJ. Casey,philadelphia-eagles,0,2017
4,0,21.00,21,1,21,Brad SmithB. Smith,philadelphia-eagles,0,2017
5,0,15.00,15,1,15,Darren SprolesD. Sproles,philadelphia-eagles,0,2017
6,0,27.31,874,32,107t,Philadelphia,philadelphia-eagles,2,2017
7,0,22.75,"1,183",52,44,Opponents,philadelphia-eagles,0,2017
0,0,23.71,498,21,49,Josh HuffJ. Huff,philadelphia-eagles,0,2017
1,0,14.00,28,2,16,Riley CooperR. Cooper,philadelphia-eagles,0,2017
2,0,20.00,20,1,20,Darren SprolesD. Sproles,philadelphia-eagles,0,2017
3,0,10.00,10,1,10,Kenjon BarnerK. Barner,philadelphia-eagles,0,2017
4,0,9.00,9,1,9,Zach ErtzZ. Ertz,philadelphia-eagles,0,2017
5,0,0.00,0,1,0,Seyi AjirotutuS. Ajirotutu,philadelphia-eagles,0,2017
6,0,20.93,565,27,49,Philadelphia,philadelphia-eagles,0,2017
7,0,20.74,705,34,79,Opponents,philadelphia-eagles,0,2017
0,0,30.78,277,9,61,Kenjon BarnerK. Barner,philadelphia-eagles,0,2017
1,0,29.00,261,9,86t,Wendell SmallwoodW. Smallwood,philadelphia-eagles,1,2017
2,0,36.00,252,7,98t,Josh HuffJ. Huff,philadelphia-eagles,1,2017
3,0,18.40,92,5,27,Nelson AgholorN. Agholor,philadelphia-eagles,0,2017
4,0,18.00,36,2,23,Byron MarshallB. Marshall,philadelphia-eagles,0,2017
5,0,19.00,19,1,19,Darren SprolesD. Sproles,philadelphia-eagles,0,2017
6,0,11.00,11,1,11,Paul TurnerP. Turner,philadelphia-eagles,0,2017
7,0,8.00,8,1,8,Zach ErtzZ. Ertz,philadelphia-eagles,0,2017
8,0,27.31,956,35,98t,Philadelphia,philadelphia-eagles,2,2017
9,0,18.74,712,38,34,Opponents,philadelphia-eagles,0,2017
0,0,19.40,194,10,27,Kenjon BarnerK. Barner,philadelphia-eagles,0,2017
1,0,23.25,93,4,28,Wendell SmallwoodW. Smallwood,philadelphia-eagles,0,2017
2,0,24.50,49,2,35,Corey ClementC. Clement,philadelphia-eagles,0,2017
3,0,9.00,18,2,10,Brent CelekB. Celek,philadelphia-eagles,0,2017
4,0,19.67,354,18,35,Philadelphia,philadelphia-eagles,0,2017
5,0,21.60,"1,015",47,61,Opponents,philadelphia-eagles,0,2017
0,0,17,0,17.00,Deion SandersD. Sanders,17,washington-redskins,1,2017
1,0,-1,0,-1.00,Washington,-1,washington-redskins,63,2017
2,0,49,0,20.65,Opponents,"1,301",washington-redskins,60,2017
3,1,92t,0,25.48,Deion SandersD. Sanders,"1,529",washington-redskins,25,2017
4,0,57,6,7.40,James ThrashJ. Thrash,185,washington-redskins,10,2017
5,0,25,6,10.60,Champ BaileyC. Bailey,106,washington-redskins,1,2017
6,0,54,1,65.00,Washington,65,washington-redskins,36,2017
7,0,57,13,9.89,Opponents,356,washington-redskins,33,2017
0,0,17,0,5.67,Washington,17,washington-redskins,65,2017
1,0,41,0,20.83,Opponents,"1,354",washington-redskins,54,2017
2,0,44,0,17.50,Eric MetcalfE. Metcalf,945,washington-redskins,33,2017
3,1,89t,5,12.48,Kevin LockettK. Lockett,412,washington-redskins,5,2017
4,0,11,3,2.80,Michael BatesM. Bates,14,washington-redskins,2,2017
5,0,5,2,2.50,Central McClellionC. McClellion,5,washington-redskins,1,2017
6,0,0,0,0.00,Washington,0,washington-redskins,41,2017
0,20,0,15.67,47,0,3,washington-redskins,Bruce BranchB. Branch,2017
1,17,0,14.50,29,0,2,washington-redskins,Champ BaileyC. Bailey,2017
2,17,0,17.00,17,0,1,washington-redskins,Zeron FlemisterZ. Flemister,2017
3,15,0,15.00,15,0,1,washington-redskins,Ifeanyi OhaleteI. Ohalete,2017
4,5,0,0.00,5,0,0,washington-redskins,LaDairis JacksonL. Jackson,2017
5,0,0,0.00,0,0,1,washington-redskins,Washington,2017
6,60,0,20.73,"1,617",0,78,washington-redskins,Opponents,2017
7,90t,0,22.45,"1,392",1,62,washington-redskins,Champ BaileyC. Bailey,2017
8,39,4,9.92,238,0,24,washington-redskins,Jacquez GreenJ. Green,2017
9,90t,9,10.24,174,1,17,washington-redskins,Darrell GreenD. Green,2017
10,35,0,0.00,35,0,0,washington-redskins,Bruce BranchB. Branch,2017
11,3,0,1.50,3,0,2,washington-redskins,Washington,2017
12,90t,13,10.47,450,1,43,washington-redskins,Opponents,2017
0,15,1,Bryan JohnsonB. Johnson,0,15.00,21,washington-redskins,0,2017
1,"1,482",66,Washington,0,22.45,15,washington-redskins,1,2017
2,"1,238",60,Opponents,1,20.63,94t,washington-redskins,0,2017
3,188,19,Chad MortonC. Morton,0,9.89,52,washington-redskins,16,2017
4,17,3,Patrick JohnsonP. Johnson,0,5.67,28,washington-redskins,3,2017
5,205,22,Washington,0,9.32,11,washington-redskins,19,2017
6,393,40,Opponents,0,9.82,28,washington-redskins,16,2017
7,"3,377",84,Bryan BarkerB. Barker,0,40.2,36,washington-redskins,69,2017
8,40,34.3,0,24,393,5,washington-redskins,--,2017
0,0,14.00,56,4,17,Mike SellersM. Sellers,washington-redskins,0,2017
1,0,5.00,5,1,5,Jim MolinaroJ. Molinaro,washington-redskins,0,2017
2,0,4.00,4,1,4,Brian KozlowskiB. Kozlowski,washington-redskins,0,2017
3,0,21.87,"1,203",55,70,Washington,washington-redskins,0,2017
4,0,21.46,"1,223",57,92t,Opponents,washington-redskins,1,2017
5,8,8.53,162,19,43,James ThrashJ. Thrash,washington-redskins,0,2017
6,2,8.90,89,10,39,Antonio BrownA. Brown,washington-redskins,0,2017
7,12,6.15,80,13,14,Chad MortonC. Morton,washington-redskins,0,2017
8,1,0.00,0,0,0,Lemar MarshallL. Marshall,washington-redskins,0,2017
0,0,35,0,23.67,Mike SellersM. Sellers,71,washington-redskins,3,2017
1,0,20,0,16.67,Nehemiah BroughtonN. Broughton,50,washington-redskins,1,2017
2,0,5,0,5.00,Demetric EvansD. Evans,5,washington-redskins,1,2017
3,0,0,0,0.00,Washington,0,washington-redskins,62,2017
4,2,94t,0,23.19,Opponents,"1,438",washington-redskins,72,2017
5,0,49,0,20.88,James ThrashJ. Thrash,"1,503",washington-redskins,10,2017
6,0,18,15,7.70,Antonio BrownA. Brown,77,washington-redskins,13,2017
7,0,16,12,4.85,Santana MossS. Moss,63,washington-redskins,7,2017
8,0,14,1,5.71,Washington,40,washington-redskins,30,2017
9,0,18,28,6.00,Opponents,180,washington-redskins,40,2017
0,0,0,0,0.00,Demetric EvansD. Evans,0,washington-redskins,1,2017
1,0,0,1,0.00,Washington,0,washington-redskins,73,2017
2,1,100t,1,22.34,Opponents,"1,631",washington-redskins,67,2017
3,0,44,0,20.84,Antwaan Randle ElA. Randle El,"1,396",washington-redskins,39,2017
4,1,87t,11,8.77,Washington,342,washington-redskins,39,2017
5,1,87t,11,8.77,Opponents,342,washington-redskins,45,2017
6,0,33,12,7.09,Derrick FrostD. Frost,319,washington-redskins,81,2017
7,27,7,60,42.9,1,"3,471",washington-redskins,36.7,2017
0,0,7.00,14,2,14,John EubanksJ. Eubanks,washington-redskins,0,2017
1,0,12.00,12,1,12,Santana MossS. Moss,washington-redskins,0,2017
2,0,10.00,10,1,10,Lorenzo AlexanderL. Alexander,washington-redskins,0,2017
3,0,8.00,8,1,8,Todd YoderT. Yoder,washington-redskins,0,2017
4,0,23.75,"1,544",65,80,Washington,washington-redskins,0,2017
5,0,19.53,"1,289",66,86t,Opponents,washington-redskins,1,2017
6,7,6.15,209,34,27,Antwaan Randle ElA. Randle El,washington-redskins,0,2017
7,1,35.50,71,2,62,James ThrashJ. Thrash,washington-redskins,0,2017
8,2,4.75,19,4,9,Keenan McCardellK. McCardell,washington-redskins,0,2017
9,10,7.47,299,40,62,Washington,washington-redskins,0,2017
0,55,Washington,0,0,"1,382",1,washington-redskins,25.13,2017
1,55,Opponents,0,87,"1,103",1,washington-redskins,20.05,2017
2,39,Antwaan Randle ElA. Randle El,0,55,254,0,washington-redskins,6.51,2017
3,6,Santana MossS. Moss,0,36,124,21,washington-redskins,20.67,2017
4,45,Washington,1,80t,378,0,washington-redskins,8.40,2017
5,33,Opponents,1,80t,385,21,washington-redskins,11.67,2017
6,55,Ryan PlackemeierR. Plackemeier,2,68t,"2,291",18,washington-redskins,41.7,2017
0,0,18,0,15.50,Ladell BettsL. Betts,31,washington-redskins,1,2017
1,0,29,0,29.00,Quinton GantherQ. Ganther,29,washington-redskins,1,2017
2,0,25,0,25.00,Mike SellersM. Sellers,25,washington-redskins,1,2017
3,0,13,0,13.00,Chris WilsonC. Wilson,13,washington-redskins,1,2017
4,0,8,0,8.00,Washington,8,washington-redskins,65,2017
5,0,42,0,21.74,Opponents,"1,413",washington-redskins,56,2017
6,0,55,0,19.71,Antwaan Randle ElA. Randle El,"1,104",washington-redskins,17,2017
7,0,43,19,6.00,Santana MossS. Moss,102,washington-redskins,11,2017
8,0,11,1,4.73,Byron WestbrookB. Westbrook,52,washington-redskins,1,2017
0,Chad SimpsonC. Simpson,0,18,0,2,11.71,washington-redskins,59,2017
1,Chris WilsonC. Wilson,0,32,0,3,29.50,washington-redskins,27,2017
2,Terrence AustinT. Austin,0,15,0,1,9.00,washington-redskins,15,2017
3,Byron WestbrookB. Westbrook,0,15,0,2,15.00,washington-redskins,6,2017
4,Washington,0,6,0,73,3.00,washington-redskins,"1,680",2017
5,Opponents,1,96t,0,61,23.01,washington-redskins,"1,160",2017
6,Brandon BanksB. Banks,0,38,0,38,19.02,washington-redskins,431,2017
7,Phillip BuchanonP. Buchanon,0,53,10,2,11.34,washington-redskins,1,2017
8,Washington,0,1,3,40,0.50,washington-redskins,432,2017
0,0,23.02,"1,174",51,47,Brandon BanksB. Banks,washington-redskins,0,2017
1,0,28.00,28,1,28,Anthony ArmstrongA. Armstrong,washington-redskins,0,2017
2,0,15.00,15,1,15,Mike SellersM. Sellers,washington-redskins,0,2017
3,0,15.00,15,1,15,Niles PaulN. Paul,washington-redskins,0,2017
4,0,3.50,7,2,7,Logan PaulsenL. Paulsen,washington-redskins,0,2017
5,0,22.12,"1,239",56,47,Washington,washington-redskins,0,2017
6,0,20.81,749,36,51,Opponents,washington-redskins,0,2017
0,0,23.95,527,22,55,Brandon BanksB. Banks,washington-redskins,0,2017
1,0,21.77,283,13,48,Niles PaulN. Paul,washington-redskins,0,2017
2,0,43.00,43,1,43,DeAngelo HallD. Hall,washington-redskins,0,2017
3,0,19.50,39,2,22,Evan RoysterE. Royster,washington-redskins,0,2017
4,0,23.47,892,38,55,Washington,washington-redskins,0,2017
5,0,22.98,"1,264",55,48,Opponents,washington-redskins,0,2017
0,0,20.55,411,20,39,Niles PaulN. Paul,washington-redskins,0,2017
1,0,19.92,239,12,25,Josh MorganJ. Morgan,washington-redskins,0,2017
2,0,20.89,188,9,29,Nick WilliamsN. Williams,washington-redskins,0,2017
3,0,20.00,160,8,28,Chris ThompsonC. Thompson,washington-redskins,0,2017
4,0,15.00,15,1,15,Santana MossS. Moss,washington-redskins,0,2017
5,0,5.00,5,1,5,Adam GettisA. Gettis,washington-redskins,0,2017
6,0,19.96,"1,018",51,39,Washington,washington-redskins,0,2017
7,0,22.30,"1,048",47,95t,Opponents,washington-redskins,1,2017
0,0,23.67,710,30,45,Andre RobertsA. Roberts,washington-redskins,0,2017
1,0,18.00,36,2,20,Niles PaulN. Paul,washington-redskins,0,2017
2,0,12.00,12,1,12,Spencer LongS. Long,washington-redskins,0,2017
3,0,10.00,10,1,10,Darrel YoungD. Young,washington-redskins,0,2017
4,0,10.00,10,1,10,Logan PaulsenL. Paulsen,washington-redskins,0,2017
5,0,5.00,5,1,5,Akeem JordanA. Jordan,washington-redskins,0,2017
6,0,21.75,783,36,45,Washington,washington-redskins,0,2017
7,0,25.84,"1,111",43,102t,Opponents,washington-redskins,1,2017
0,0,24.43,684,28,101t,Rashad RossR. Ross,washington-redskins,1,2017
1,0,33.00,231,7,99t,Andre RobertsA. Roberts,washington-redskins,1,2017
2,0,21.00,63,3,36,Chris ThompsonC. Thompson,washington-redskins,0,2017
3,0,13.00,13,1,13,Jamison CrowderJ. Crowder,washington-redskins,0,2017
4,0,8.00,8,1,8,DeSean JacksonD. Jackson,washington-redskins,0,2017
5,0,24.98,999,40,101t,Washington,washington-redskins,2,2017
6,0,20.07,582,29,49,Opponents,washington-redskins,0,2017
0,0,21.18,360,17,28,Chris ThompsonC. Thompson,washington-redskins,0,2017
1,0,27.25,109,4,45,Will BlackmonW. Blackmon,washington-redskins,0,2017
2,0,15.67,47,3,26,Maurice HarrisM. Harris,washington-redskins,0,2017
3,0,22.00,22,1,22,Rashad RossR. Ross,washington-redskins,0,2017
4,0,18.00,18,1,18,Bashaud BreelandB. Breeland,washington-redskins,0,2017
5,0,14.00,14,1,14,Niles PaulN. Paul,washington-redskins,0,2017
6,0,21.11,570,27,45,Washington,washington-redskins,0,2017
7,0,21.36,534,25,86t,Opponents,washington-redskins,1,2017
0,0,20.80,208,10,35,Bashaud BreelandB. Breeland,washington-redskins,0,2017
1,0,20.62,165,8,29,Chris ThompsonC. Thompson,washington-redskins,0,2017
2,0,22.25,89,4,29,Byron MarshallB. Marshall,washington-redskins,0,2017
3,0,23.67,71,3,34,Maurice HarrisM. Harris,washington-redskins,0,2017
4,0,24.00,48,2,28,Samaje PerineS. Perine,washington-redskins,0,2017
5,0,15.67,47,3,24,Niles PaulN. Paul,washington-redskins,0,2017
6,0,8.50,17,2,17,Kapri BibbsK. Bibbs,washington-redskins,0,2017
7,0,16.00,16,1,16,Rob KelleyR. Kelley,washington-redskins,0,2017
8,0,12.00,12,1,12,Kendall FullerK. Fuller,washington-redskins,0,2017
9,0,19.79,673,34,35,Washington,washington-redskins,0,2017
10,0,18.67,448,24,34,Opponents,washington-redskins,0,2017
0,Opponents,0,38,0,51,22.24,chicago-bears,"1,105",2017
1,Glyn MilburnG. Milburn,0,48,0,35,21.67,chicago-bears,300,2017
2,Walt HarrisW. Harris,0,25,26,1,8.57,chicago-bears,14,2017
3,Chicago,0,14,1,36,14.00,chicago-bears,314,2017
4,Opponents,0,25,27,36,8.72,chicago-bears,251,2017
5,Louie AguiarL. Aguiar,0,25,33,52,6.97,chicago-bears,"2,017",2017
6,0,8,4,56,34.9,38.8,chicago-bears,21,2017
0,1,Robert NewkirkR. Newkirk,0,8,8,0,chicago-bears,8.00,2017
1,1,Kevin DoginsK. Dogins,0,8,6,0,chicago-bears,6.00,2017
2,1,Carl PowellC. Powell,0,6,1,0,chicago-bears,1.00,2017
3,51,Chicago,0,1,"1,060",1,chicago-bears,20.78,2017
4,66,Opponents,0,37,"1,353",1,chicago-bears,20.50,2017
5,28,Leon JohnsonL. Johnson,0,39,255,0,chicago-bears,9.11,2017
6,12,R.W. McQuartersR. McQuarters,0,35,96,10,chicago-bears,8.00,2017
7,4,Glyn MilburnG. Milburn,0,16,33,1,chicago-bears,8.25,2017
8,0,Jerry AzumahJ. Azumah,0,20,16,3,chicago-bears,0.00,2017
9,1,Autry DensonA. Denson,0,16,5,0,chicago-bears,5.00,2017
0,2,Adrian PetersonA. Peterson,0,27,37,0,chicago-bears,18.50,2017
1,1,Daimon SheltonD. Shelton,0,21,0,0,chicago-bears,0.00,2017
2,83,Chicago,0,0,"1,762",0,chicago-bears,21.23,2017
3,61,Opponents,0,63,"1,361",0,chicago-bears,22.31,2017
4,28,Leon JohnsonL. Johnson,0,67,288,0,chicago-bears,10.29,2017
5,10,Ahmad MerrittA. Merritt,0,30,71,10,chicago-bears,7.10,2017
6,38,Chicago,0,18,359,2,chicago-bears,9.45,2017
7,46,Opponents,0,30,386,12,chicago-bears,8.39,2017
8,87,Brad MaynardB. Maynard,0,57,"3,679",19,chicago-bears,42.3,2017
0,73,Chicago,0,11,"1,738",0,chicago-bears,23.81,2017
1,64,Opponents,2,89t,"1,367",0,chicago-bears,21.36,2017
2,37,R.W. McQuartersR. McQuarters,1,96t,452,0,chicago-bears,12.22,2017
3,2,Bobby WadeB. Wade,1,60t,9,12,chicago-bears,4.50,2017
4,39,Chicago,0,10,461,1,chicago-bears,11.82,2017
5,36,Opponents,1,60t,277,13,chicago-bears,7.69,2017
6,79,Brad MaynardB. Maynard,0,35,"3,258",13,chicago-bears,41.2,2017
0,0,19.00,57,3,22,Adrian PetersonA. Peterson,chicago-bears,0,2017
1,0,23.00,46,2,37,R.W. McQuartersR. McQuarters,chicago-bears,0,2017
2,0,18.00,18,1,18,Bryan JohnsonB. Johnson,chicago-bears,0,2017
3,0,21.72,"1,607",74,73,Chicago,chicago-bears,0,2017
4,0,21.48,"1,160",54,43,Opponents,chicago-bears,0,2017
5,13,9.89,435,44,75t,R.W. McQuartersR. McQuarters,chicago-bears,1,2017
6,0,0.00,56,0,56,Justin GageJ. Gage,chicago-bears,0,2017
7,2,5.00,10,2,12,Bernard BerrianB. Berrian,chicago-bears,0,2017
8,0,0.00,9,0,9,Bobby GrayB. Gray,chicago-bears,0,2017
0,5.00,5,1,John GilmoreJ. Gilmore,0,0,chicago-bears,5,2017
1,0.00,0,1,Nathan VasherN. Vasher,0,0,chicago-bears,0,2017
2,0.00,0,1,Israel IdonijeI. Idonije,0,0,chicago-bears,0,2017
3,19.85,"1,092",55,Chicago,0,0,chicago-bears,40,2017
4,19.92,"1,255",63,Opponents,0,0,chicago-bears,45,2017
5,9.61,317,33,Bobby WadeB. Wade,9,0,chicago-bears,73t,2017
6,8.62,69,8,Bernard BerrianB. Berrian,3,1,chicago-bears,24,2017
7,6.20,31,5,Rashied DavisR. Davis,1,0,chicago-bears,21,2017
8,9.07,417,46,Chicago,13,0,chicago-bears,73t,2017
9,8.00,312,39,Opponents,13,1,chicago-bears,85t,2017
0,0,11,0,11.00,Darrell McCloverD. McClover,11,chicago-bears,1,2017
1,0,9,0,9.00,Muhsin MuhammadM. Muhammad,9,chicago-bears,1,2017
2,0,3,0,3.00,Chicago,3,chicago-bears,59,2017
3,2,96t,0,23.27,Opponents,"1,373",chicago-bears,83,2017
4,0,35,0,20.84,Devin HesterD. Hester,"1,730",chicago-bears,47,2017
5,3,84t,12,12.77,Bernard BerrianB. Berrian,600,chicago-bears,2,2017
6,0,7,0,3.50,Dante WesleyD. Wesley,7,chicago-bears,1,2017
7,0,0,0,0.00,Chicago,0,chicago-bears,50,2017
8,3,84t,12,12.14,Opponents,607,chicago-bears,38,2017
0,0,15,0,8.33,Adrian PetersonA. Peterson,25,chicago-bears,3,2017
1,0,14,0,5.67,Israel IdonijeI. Idonije,17,chicago-bears,2,2017
2,0,2,0,1.00,Chicago,2,chicago-bears,67,2017
3,2,97t,0,18.42,Opponents,"1,234",chicago-bears,71,2017
4,1,65,0,19.30,Devin HesterD. Hester,"1,370",chicago-bears,42,2017
5,4,89t,6,15.50,Brandon McGowanB. McGowan,651,chicago-bears,1,2017
6,0,0,0,0.00,Israel IdonijeI. Idonije,0,chicago-bears,1,2017
7,0,0,0,0.00,Chicago,0,chicago-bears,44,2017
8,4,89t,6,14.80,Opponents,651,chicago-bears,40,2017
0,13,1,Kellen DavisK. Davis,0,13.00,20,chicago-bears,0,2017
1,11,1,Adrian PetersonA. Peterson,0,11.00,13,chicago-bears,0,2017
2,10,1,Rashied DavisR. Davis,0,10.00,11,chicago-bears,0,2017
3,"1,919",77,Chicago,0,24.92,10,chicago-bears,0,2017
4,"1,656",68,Opponents,1,24.35,83t,chicago-bears,0,2017
5,198,32,Devin HesterD. Hester,0,6.19,85,chicago-bears,14,2017
6,46,6,Nathan VasherN. Vasher,0,7.67,25,chicago-bears,1,2017
7,17,1,Earl BennettE. Bennett,0,17.00,18,chicago-bears,0,2017
8,261,39,Chicago,0,6.69,17,chicago-bears,15,2017
0,44,0,22.29,156,0,7,chicago-bears,Rashied DavisR. Davis,2017
1,22,0,12.67,114,0,9,chicago-bears,Earl BennettE. Bennett,2017
2,22,0,20.00,40,0,2,chicago-bears,Devin AromashoduD. Aromashodu,2017
3,18,0,18.00,18,0,1,chicago-bears,Israel IdonijeI. Idonije,2017
4,0,0,0.00,0,0,1,chicago-bears,Chicago,2017
5,102t,0,24.99,"1,999",1,80,chicago-bears,Opponents,2017
6,62,0,24.25,"1,552",0,64,chicago-bears,Devin HesterD. Hester,2017
7,33,5,7.79,187,0,24,chicago-bears,Earl BennettE. Bennett,2017
8,49t,2,10.21,143,1,14,chicago-bears,Johnny KnoxJ. Knox,2017
0,0,22.75,182,8,42,Johnny KnoxJ. Knox,chicago-bears,0,2017
1,0,14.00,70,5,32,Rashied DavisR. Davis,chicago-bears,0,2017
2,0,2.00,2,1,2,Kellen DavisK. Davis,chicago-bears,0,2017
3,1,0.00,0,0,0,Tim JenningsT. Jennings,chicago-bears,0,2017
4,1,25.37,"1,497",59,79,Chicago,chicago-bears,0,2017
5,0,23.80,"1,404",59,60,Opponents,chicago-bears,0,2017
6,10,17.09,564,33,89t,Devin HesterD. Hester,chicago-bears,3,2017
7,10,17.09,564,33,89t,Chicago,chicago-bears,3,2017
0,0,21.91,723,33,98t,Devin HesterD. Hester,chicago-bears,1,2017
1,0,26.47,397,15,56,Johnny KnoxJ. Knox,chicago-bears,0,2017
2,0,22.50,45,2,25,Kahlil BellK. Bell,chicago-bears,0,2017
3,0,24.00,24,1,24,Sam HurdS. Hurd,chicago-bears,0,2017
4,0,17.00,17,1,17,Armando AllenA. Allen,chicago-bears,0,2017
5,0,7.00,14,2,7,Matt SpaethM. Spaeth,chicago-bears,0,2017
6,0,9.00,9,1,9,Tyler CluttsT. Clutts,chicago-bears,0,2017
7,0,9.00,9,1,9,Earl BennettE. Bennett,chicago-bears,0,2017
8,0,0.00,0,1,0,Kyle AdamsK. Adams,chicago-bears,0,2017
9,0,21.72,"1,238",57,98t,Chicago,chicago-bears,1,2017
10,0,24.43,855,35,44,Opponents,chicago-bears,0,2017
0,0,25.88,621,24,40,Devin HesterD. Hester,chicago-bears,0,2017
1,0,17.77,231,13,27,Eric WeemsE. Weems,chicago-bears,0,2017
2,0,12.67,38,3,15,Kyle AdamsK. Adams,chicago-bears,0,2017
3,0,12.00,24,2,18,Earl BennettE. Bennett,chicago-bears,0,2017
4,0,5.00,10,2,7,Armando AllenA. Allen,chicago-bears,0,2017
5,0,5.00,5,1,5,Craig SteltzC. Steltz,chicago-bears,0,2017
6,0,0.00,0,2,0,Corey WoottonC. Wootton,chicago-bears,0,2017
7,0,19.77,929,47,40,Chicago,chicago-bears,0,2017
8,0,20.73,767,37,38,Opponents,chicago-bears,0,2017
0,0,27.62,"1,436",52,80,Devin HesterD. Hester,chicago-bears,0,2017
1,0,16.40,82,5,21,Joseph AndersonJ. Anderson,chicago-bears,0,2017
2,0,11.40,57,5,19,Eric WeemsE. Weems,chicago-bears,0,2017
3,0,7.40,37,5,11,Michael FordM. Ford,chicago-bears,0,2017
4,0,5.00,10,2,6,Dante RosarioD. Rosario,chicago-bears,0,2017
5,1,-8.00,-8,1,0,Brandon MarshallB. Marshall,chicago-bears,0,2017
6,1,23.06,"1,614",70,80,Chicago,chicago-bears,0,2017
7,0,18.79,883,47,105t,Opponents,chicago-bears,1,2017
0,0,24.12,579,24,101t,Chris WilliamsC. Williams,chicago-bears,1,2017
1,0,25.50,510,20,67,Marc MarianiM. Mariani,chicago-bears,0,2017
2,0,21.20,106,5,24,Rashad RossR. Ross,chicago-bears,0,2017
3,0,22.00,88,4,21,Senorise PerryS. Perry,chicago-bears,0,2017
4,0,3.50,7,2,10,Dante RosarioD. Rosario,chicago-bears,0,2017
5,0,23.45,"1,290",55,101t,Chicago,chicago-bears,1,2017
6,0,17.54,614,35,31,Opponents,chicago-bears,0,2017
0,0,26.12,418,16,47,Marc MarianiM. Mariani,chicago-bears,0,2017
1,0,29.21,409,14,74,Deonte ThompsonD. Thompson,chicago-bears,0,2017
2,0,19.00,38,2,22,Ka'Deem CareyK. Carey,chicago-bears,0,2017
3,0,15.00,15,1,15,Jacquizz RodgersJ. Rodgers,chicago-bears,0,2017
4,0,0.00,12,0,12,Josh BellamyJ. Bellamy,chicago-bears,0,2017
5,0,27.03,892,33,74,Chicago,chicago-bears,0,2017
6,0,25.21,983,39,108t,Opponents,chicago-bears,2,2017
0,0,22.97,804,35,64,Deonte ThompsonD. Thompson,chicago-bears,0,2017
1,0,19.00,38,2,22,Ka'Deem CareyK. Carey,chicago-bears,0,2017
2,0,18.00,18,1,18,Bralon AddisonB. Addison,chicago-bears,0,2017
3,0,8.50,17,2,17,Bryce CallahanB. Callahan,chicago-bears,0,2017
4,0,15.00,15,1,15,Josh BellamyJ. Bellamy,chicago-bears,0,2017
5,0,5.00,5,1,5,Paul LasikeP. Lasike,chicago-bears,0,2017
6,0,21.36,897,42,64,Chicago,chicago-bears,0,2017
7,0,21.58,777,36,46,Opponents,chicago-bears,0,2017
0,0,22.42,583,26,46,Tarik CohenT. Cohen,chicago-bears,0,2017
1,0,20.82,229,11,29,Deonte ThompsonD. Thompson,chicago-bears,0,2017
2,0,21.00,147,7,28,Benny CunninghamB. Cunningham,chicago-bears,0,2017
3,0,7.00,7,1,7,Roy Robertson-HarrisR. Robertson-Harris,chicago-bears,0,2017
4,0,3.00,3,1,3,Sam AchoS. Acho,chicago-bears,0,2017
5,0,21.07,969,46,46,Chicago,chicago-bears,0,2017
6,0,21.84,699,32,96t,Opponents,chicago-bears,1,2017
0,69,Detroit,0,0,"1,600",0,detroit-lions,23.19,2017
1,59,Opponents,0,70,"1,327",0,detroit-lions,22.49,2017
2,31,Desmond HowardD. Howard,0,60,457,0,detroit-lions,14.74,2017
3,2,Terry FairT. Fair,1,95t,15,24,detroit-lions,7.50,2017
4,33,Detroit,0,11,472,0,detroit-lions,14.30,2017
5,53,Opponents,1,95t,498,24,detroit-lions,9.40,2017
6,93,John JettJ. Jett,0,63,"4,044",14,detroit-lions,43.5,2017
0,10,0,10.00,10,0,1,detroit-lions,Johnnie MortonJ. Morton,2017
1,4,0,4.00,4,0,1,detroit-lions,Lamont WarrenL. Warren,2017
2,-4,0,0.00,-4,0,0,detroit-lions,Detroit,2017
3,91,0,23.45,"1,876",0,80,detroit-lions,Opponents,2017
4,53,0,21.57,"1,143",0,53,detroit-lions,Desmond HowardD. Howard,2017
5,34,19,9.14,201,0,22,detroit-lions,Terry FairT. Fair,2017
6,21,2,9.25,37,0,4,detroit-lions,Larry FosterL. Foster,2017
7,9,0,5.67,17,0,3,detroit-lions,Detroit,2017
8,34,21,8.79,255,0,29,detroit-lions,Opponents,2017
9,84t,16,9.92,387,1,39,detroit-lions,John JettJ. Jett,2017
0,15,0,15.00,15,0,1,detroit-lions,Eric BeverlyE. Beverly,2017
1,9,0,9.00,9,0,1,detroit-lions,Detroit,2017
2,91,0,24.57,"2,039",0,83,detroit-lions,Opponents,2017
3,67,0,22.94,"1,560",0,68,detroit-lions,Az-Zahir HakimA. Hakim,2017
4,72t,4,14.80,148,1,10,detroit-lions,Eddie DrummondE. Drummond,2017
5,73t,8,7.67,138,1,18,detroit-lions,Desmond HowardD. Howard,2017
6,14,5,5.33,48,0,9,detroit-lions,Larry FosterL. Foster,2017
7,10,0,7.25,29,0,4,detroit-lions,Chris CashC. Cash,2017
8,0,0,0.00,0,0,1,detroit-lions,Detroit,2017
0,Opponents,1,96t,0,53,22.63,detroit-lions,"1,313",2017
1,Reggie SwintonR. Swinton,1,89t,0,23,24.77,detroit-lions,318,2017
2,Eddie DrummondE. Drummond,1,89t,9,12,13.83,detroit-lions,151,2017
3,Az-Zahir HakimA. Hakim,1,57t,4,9,12.58,detroit-lions,85,2017
4,Dre' BlyD. Bly,0,20,0,3,9.44,detroit-lions,22,2017
5,Detroit,0,14,0,47,7.33,detroit-lions,576,2017
6,Opponents,2,89t,13,59,12.26,detroit-lions,390,2017
0,0,10,0,6.00,Jared DeVriesJ. DeVries,12,detroit-lions,1,2017
1,0,5,0,5.00,Donte' CurryD. Curry,5,detroit-lions,1,2017
2,0,-1,0,-1.00,Detroit,-1,detroit-lions,66,2017
3,2,99t,0,23.76,Opponents,"1,568",detroit-lions,54,2017
4,0,52,0,19.59,Eddie DrummondE. Drummond,"1,058",detroit-lions,24,2017
5,2,83t,8,13.17,Reggie SwintonR. Swinton,316,detroit-lions,16,2017
6,0,18,9,6.50,Detroit,104,detroit-lions,40,2017
7,2,83t,17,10.50,Opponents,420,detroit-lions,46,2017
8,0,56,24,9.59,Nick HarrisN. Harris,441,detroit-lions,92,2017
0,7.00,7,1,Jared DeVriesJ. DeVries,0,0,detroit-lions,7,2017
1,21.59,"1,576",73,Detroit,0,0,detroit-lions,73,2017
2,22.53,"1,239",55,Opponents,0,0,detroit-lions,90t,2017
3,6.04,157,26,Eddie DrummondE. Drummond,11,1,detroit-lions,38,2017
4,11.70,117,10,R.W. McQuartersR. McQuarters,2,0,detroit-lions,49,2017
5,7.61,274,36,Detroit,13,0,detroit-lions,49,2017
6,10.40,520,50,Opponents,17,0,detroit-lions,81t,2017
7,43.5,"3,656",84,Nick HarrisN. Harris,60,2,detroit-lions,2,2017
0,"1,444",63,Opponents,0,22.92,65,detroit-lions,0,2017
1,296,28,Eddie DrummondE. Drummond,0,10.57,72,detroit-lions,13,2017
2,61,4,Devale EllisD. Ellis,0,15.25,40,detroit-lions,1,2017
3,39,3,Dre' BlyD. Bly,0,13.00,48,detroit-lions,3,2017
4,0,0,Az-Zahir HakimA. Hakim,0,0.00,36,detroit-lions,1,2017
5,396,35,Detroit,0,11.31,0,detroit-lions,18,2017
6,267,38,Opponents,0,7.03,48,detroit-lions,9,2017
0,Blaine SaipaiaB. Saipaia,0,15,0,2,12.50,detroit-lions,23,2017
1,Buster DavisB. Davis,0,12,0,1,11.50,detroit-lions,1,2017
2,Detroit,0,1,0,72,1.00,detroit-lions,"1,628",2017
3,Opponents,1,74,0,65,22.61,detroit-lions,"1,750",2017
4,Troy WaltersT. Walters,2,104t,0,15,26.92,detroit-lions,118,2017
5,Mike FurreyM. Furrey,0,18,16,3,7.87,detroit-lions,30,2017
6,Detroit,0,13,4,18,10.00,detroit-lions,148,2017
7,Opponents,0,18,20,36,8.22,detroit-lions,434,2017
8,Nick HarrisN. Harris,0,62,9,68,12.06,detroit-lions,"3,010",2017
9,0,26,5,58,36.4,44.3,detroit-lions,36,2017
0,17,0,13.00,26,0,2,detroit-lions,Shaun CodyS. Cody,2017
1,7,0,7.00,7,0,1,detroit-lions,Detroit,2017
2,46,0,21.77,"1,807",0,83,detroit-lions,Opponents,2017
3,60,0,23.37,"1,332",0,57,detroit-lions,Shaun McDonaldS. McDonald,2017
4,27,8,9.45,104,0,11,detroit-lions,Mike FurreyM. Furrey,2017
5,20,5,7.20,36,0,5,detroit-lions,Aveion CasonA. Cason,2017
6,13,0,9.00,27,0,3,detroit-lions,John StandefordJ. Standeford,2017
7,1,0,1.00,1,0,1,detroit-lions,Adam JenningsA. Jennings,2017
8,0,0,0.00,0,0,1,detroit-lions,Detroit,2017
0,3,Dennis NorthcuttD. Northcutt,0,31,66,0,detroit-lions,22.00,2017
1,2,Zach FollettZ. Follett,0,34,12,0,detroit-lions,6.00,2017
2,1,Casey FitzsimmonsC. Fitzsimmons,0,10,10,0,detroit-lions,10.00,2017
3,1,Adam JenningsA. Jennings,0,10,8,0,detroit-lions,8.00,2017
4,1,Jerome FeltonJ. Felton,0,8,0,0,detroit-lions,0.00,2017
5,96,Detroit,0,0,"2,050",0,detroit-lions,21.35,2017
6,58,Opponents,0,87,"1,353",0,detroit-lions,23.33,2017
7,22,Dennis NorthcuttD. Northcutt,1,102t,189,0,detroit-lions,8.59,2017
8,4,Phillip BuchanonP. Buchanon,0,43,34,15,detroit-lions,8.50,2017
9,2,Brian WitherspoonB. Witherspoon,0,18,10,0,detroit-lions,5.00,2017
0,0,8,0,8.00,Andre FluellenA. Fluellen,8,detroit-lions,1,2017
1,0,4,0,4.00,Tony SchefflerT. Scheffler,4,detroit-lions,1,2017
2,0,0,0,0.00,Nate BurlesonN. Burleson,0,detroit-lions,1,2017
3,0,0,0,0.00,Detroit,0,detroit-lions,61,2017
4,1,105t,0,24.90,Opponents,"1,519",detroit-lions,72,2017
5,1,96t,0,20.65,Stefan LoganS. Logan,"1,487",detroit-lions,30,2017
6,0,71,21,12.07,Detroit,362,detroit-lions,30,2017
7,0,71,21,12.07,Opponents,362,detroit-lions,54,2017
0,0,25.21,832,33,42,Stefan LoganS. Logan,detroit-lions,0,2017
1,0,17.00,34,2,18,Rashied DavisR. Davis,detroit-lions,0,2017
2,0,15.00,15,1,15,Maurice MorrisM. Morris,detroit-lions,0,2017
3,0,6.00,6,1,6,Andre FluellenA. Fluellen,detroit-lions,0,2017
4,0,23.97,887,37,42,Detroit,detroit-lions,0,2017
5,0,25.61,"1,255",49,101t,Opponents,detroit-lions,1,2017
0,0,21.32,597,28,40,Stefan LoganS. Logan,detroit-lions,0,2017
1,0,27.00,54,2,30,Joique BellJ. Bell,detroit-lions,0,2017
2,0,12.00,12,1,12,Mike ThomasM. Thomas,detroit-lions,0,2017
3,0,10.00,10,1,10,Riley ReiffR. Reiff,detroit-lions,0,2017
4,0,7.00,7,1,7,Tony SchefflerT. Scheffler,detroit-lions,0,2017
5,0,1.00,1,1,1,Will HellerW. Heller,detroit-lions,0,2017
6,0,20.03,681,34,40,Detroit,detroit-lions,0,2017
7,0,23.33,"1,213",52,105t,Opponents,detroit-lions,2,2017
0,0,29.27,439,15,98t,Jeremy RossJ. Ross,detroit-lions,1,2017
1,0,22.53,338,15,36,Micheal SpurlockM. Spurlock,detroit-lions,0,2017
2,0,18.00,18,1,18,Dorin DickersonD. Dickerson,detroit-lions,0,2017
3,0,12.00,12,1,12,Theo RiddickT. Riddick,detroit-lions,0,2017
4,0,5.00,5,1,5,Dylan GandyD. Gandy,detroit-lions,0,2017
5,0,4.00,4,1,4,Joique BellJ. Bell,detroit-lions,0,2017
6,0,24.00,816,34,98t,Detroit,detroit-lions,1,2017
7,0,26.40,924,35,56,Opponents,detroit-lions,0,2017
0,0,25.39,584,23,41,Jeremy RossJ. Ross,detroit-lions,0,2017
1,0,14.00,28,2,16,George WinnG. Winn,detroit-lions,0,2017
2,0,24.48,612,25,41,Detroit,detroit-lions,0,2017
3,0,27.20,544,20,81,Opponents,detroit-lions,0,2017
0,0,29.11,"1,077",37,104,Ameer AbdullahA. Abdullah,detroit-lions,0,2017
1,0,21.20,106,5,34,TJ JonesT. Jones,detroit-lions,0,2017
2,0,26.00,26,1,26,Golden TateG. Tate,detroit-lions,0,2017
3,0,11.00,11,1,11,Joique BellJ. Bell,detroit-lions,0,2017
4,0,27.73,"1,220",44,104,Detroit,detroit-lions,0,2017
5,0,25.44,814,32,50,Opponents,detroit-lions,0,2017
0,0,22.64,747,33,42,Andre RobertsA. Roberts,detroit-lions,0,2017
1,0,23.00,46,2,25,Dwayne WashingtonD. Washington,detroit-lions,0,2017
2,0,22.66,793,35,42,Detroit,detroit-lions,0,2017
3,0,21.48,494,23,42,Opponents,detroit-lions,0,2017
0,0,17.82,196,11,25,Jamal AgnewJ. Agnew,detroit-lions,0,2017
1,0,22.38,179,8,29,Ameer AbdullahA. Abdullah,detroit-lions,0,2017
2,0,21.00,105,5,35,TJ JonesT. Jones,detroit-lions,0,2017
3,0,20.67,62,3,23,Zach ZennerZ. Zenner,detroit-lions,0,2017
4,0,15.50,31,2,18,Dwayne WashingtonD. Washington,detroit-lions,0,2017
5,0,10.00,10,1,10,Darren FellsD. Fells,detroit-lions,0,2017
6,0,0.00,0,2,1,Golden TateG. Tate,detroit-lions,0,2017
7,0,18.22,583,32,35,Detroit,detroit-lions,0,2017
8,0,20.42,878,43,38,Opponents,detroit-lions,0,2017
0,0,22.00,22,1,22,Gary BerryG. Berry,green-bay-packers,0,2017
1,0,13.00,13,1,13,Mike MortonM. Morton,green-bay-packers,0,2017
2,0,12.00,12,1,12,David BowensD. Bowens,green-bay-packers,0,2017
3,0,0.00,0,1,0,Ryan WetnightR. Wetnight,green-bay-packers,0,2017
4,0,24.53,"1,570",64,92t,Green Bay,green-bay-packers,1,2017
5,0,21.57,"1,639",76,40,Opponents,green-bay-packers,0,2017
6,24,8.55,248,29,43,Allen RossumA. Rossum,green-bay-packers,0,2017
7,2,10.40,52,5,16,Charles LeeC. Lee,green-bay-packers,0,2017
8,0,0.00,0,1,0,Mike McKenzieM. McKenzie,green-bay-packers,0,2017
9,26,8.57,300,35,43,Green Bay,green-bay-packers,0,2017
0,0,16,0,16.00,Antonio FreemanA. Freeman,32,green-bay-packers,2,2017
1,0,24,0,14.00,Herbert GoodmanH. Goodman,28,green-bay-packers,1,2017
2,0,21,0,21.00,Jim FlaniganJ. Flanigan,21,green-bay-packers,1,2017
3,0,9,0,9.00,Chris AkinsC. Akins,9,green-bay-packers,1,2017
4,0,0,0,0.00,Green Bay,0,green-bay-packers,54,2017
5,0,53,0,18.67,Opponents,"1,008",green-bay-packers,76,2017
6,0,43,0,20.00,Antonio FreemanA. Freeman,"1,520",green-bay-packers,17,2017
7,0,29,7,6.71,Allen RossumA. Rossum,114,green-bay-packers,11,2017
8,1,55t,8,9.91,Darren SharperD. Sharper,109,green-bay-packers,1,2017
9,0,18,3,18.00,Charles LeeC. Lee,18,green-bay-packers,3,2017
10,0,6,0,2.00,Robert FergusonR. Ferguson,6,green-bay-packers,1,2017
0,21.00,42,2,Tony CarterT. Carter,0,0,green-bay-packers,25,2017
1,21.00,42,2,Tony FisherT. Fisher,0,0,green-bay-packers,21,2017
2,20.50,41,2,Eric MetcalfE. Metcalf,0,0,green-bay-packers,21,2017
3,12.50,25,2,Keith McKenzieK. McKenzie,0,0,green-bay-packers,18,2017
4,20.38,"1,284",63,Green Bay,0,0,green-bay-packers,55,2017
5,21.69,"1,800",83,Opponents,0,0,green-bay-packers,51,2017
6,5.14,180,35,Darrien GordonD. Gordon,9,0,green-bay-packers,27,2017
7,2.40,12,5,J.J. MosesJ. Moses,0,0,green-bay-packers,8,2017
8,0.00,0,1,Antuan EdwardsA. Edwards,0,0,green-bay-packers,0,2017
9,0.00,0,1,Darren SharperD. Sharper,2,0,green-bay-packers,0,2017
10,0.00,0,1,Tony CarterT. Carter,0,0,green-bay-packers,0,2017
0,0,10.50,21,2,12,Nicolas LucheyN. Luchey,green-bay-packers,0,2017
1,0,23.61,"1,511",64,60,Green Bay,green-bay-packers,0,2017
2,0,20.82,"1,707",82,88t,Opponents,green-bay-packers,1,2017
3,18,8.39,277,33,33,Antonio ChatmanA. Chatman,green-bay-packers,0,2017
4,0,0.00,0,1,0,Marcus WilkinsM. Wilkins,green-bay-packers,0,2017
5,0,0.00,0,1,0,Al HarrisA. Harris,green-bay-packers,0,2017
6,18,7.91,277,35,33,Green Bay,green-bay-packers,0,2017
0,0,20,0,16.50,Ahmad CarrollA. Carroll,33,green-bay-packers,2,2017
1,0,16,0,15.50,William HendersonW. Henderson,31,green-bay-packers,2,2017
2,0,10,0,8.00,Kenny PetersonK. Peterson,16,green-bay-packers,1,2017
3,0,6,0,6.00,Green Bay,6,green-bay-packers,70,2017
4,0,71,0,21.74,Opponents,"1,522",green-bay-packers,79,2017
5,0,58,0,20.18,Antonio ChatmanA. Chatman,"1,594",green-bay-packers,32,2017
6,0,28,27,7.66,Darren SharperD. Sharper,245,green-bay-packers,1,2017
7,0,9,0,9.00,Green Bay,9,green-bay-packers,33,2017
8,0,28,27,7.70,Opponents,254,green-bay-packers,34,2017
9,0,40,10,8.85,Bryan BarkerB. Barker,301,green-bay-packers,66,2017
0,80,4,Jamal JonesJ. Jones,0,20.00,33,green-bay-packers,0,2017
1,44,2,Robert FergusonR. Ferguson,0,22.00,25,green-bay-packers,0,2017
2,39,3,Vonta LeachV. Leach,0,13.00,22,green-bay-packers,0,2017
3,20,2,William HendersonW. Henderson,0,10.00,20,green-bay-packers,0,2017
4,14,1,Corey WilliamsC. Williams,0,14.00,10,green-bay-packers,0,2017
5,5,1,Kenny PetersonK. Peterson,0,5.00,14,green-bay-packers,0,2017
6,"1,418",75,Green Bay,0,18.91,5,green-bay-packers,0,2017
7,"1,404",65,Opponents,0,21.60,57,green-bay-packers,0,2017
8,381,45,Antonio ChatmanA. Chatman,0,8.47,73,green-bay-packers,18,2017
9,381,45,Green Bay,1,8.47,85t,green-bay-packers,18,2017
10,339,49,Opponents,1,6.92,85t,green-bay-packers,12,2017
11,"2,508",64,B.J. SanderB. Sander,0,39.2,49,green-bay-packers,53,2017
12,45,33.9,0,11,297,2,green-bay-packers,--,2017
13,42,36.3,218,6,0,Ryan FlinnR. Flinn,green-bay-packers,0,2017
0,23,0,19.00,57,0,3,green-bay-packers,William HendersonW. Henderson,2017
1,16,0,10.25,41,0,4,green-bay-packers,Mike MontgomeryM. Montgomery,2017
2,14,0,14.00,14,0,1,green-bay-packers,Charles WoodsonC. Woodson,2017
3,10,0,10.00,10,0,1,green-bay-packers,Green Bay,2017
4,35,0,19.70,"1,379",0,70,green-bay-packers,Opponents,2017
5,61,0,22.47,"1,348",0,60,green-bay-packers,Charles WoodsonC. Woodson,2017
6,40,2,8.85,363,0,41,green-bay-packers,Greg JenningsG. Jennings,2017
7,10,0,5.80,29,0,5,green-bay-packers,Shaun BodifordS. Bodiford,2017
8,16,1,4.17,25,0,6,green-bay-packers,Ruvell MartinR. Martin,2017
9,-2,0,-2.00,-2,0,1,green-bay-packers,Green Bay,2017
10,40,3,7.83,415,0,53,green-bay-packers,Opponents,2017
0,4.00,4,1,Donald DriverD. Driver,0,0,green-bay-packers,4,2017
1,3.00,3,1,Will BlackmonW. Blackmon,0,0,green-bay-packers,3,2017
2,0.00,0,1,Mike MontgomeryM. Montgomery,0,0,green-bay-packers,0,2017
3,21.76,"1,349",62,Green Bay,0,0,green-bay-packers,67,2017
4,20.91,"1,610",77,Opponents,0,0,green-bay-packers,74,2017
5,8.12,268,33,Charles WoodsonC. Woodson,5,0,green-bay-packers,34,2017
6,19.67,118,6,Tramon WilliamsT. Williams,0,0,green-bay-packers,94t,2017
7,13.25,106,8,Will BlackmonW. Blackmon,0,1,green-bay-packers,57t,2017
8,0.00,0,1,Jarrett BushJ. Bush,0,1,green-bay-packers,0,2017
9,10.25,492,48,Green Bay,5,0,green-bay-packers,94t,2017
0,69,Green Bay,0,-2,"1,387",0,green-bay-packers,20.10,2017
1,72,Opponents,0,45,"1,687",0,green-bay-packers,23.43,2017
2,36,Will BlackmonW. Blackmon,0,70,398,0,green-bay-packers,11.06,2017
3,1,Jarrett BushJ. Bush,2,76t,0,11,green-bay-packers,0.00,2017
4,37,Green Bay,0,0,398,0,green-bay-packers,10.76,2017
5,33,Opponents,2,76t,249,11,green-bay-packers,7.55,2017
6,48,Derrick FrostD. Frost,0,24,"2,021",9,green-bay-packers,42.1,2017
0,2,Brandon JacksonB. Jackson,0,37,36,0,green-bay-packers,18.00,2017
1,2,Charles WoodsonC. Woodson,0,23,30,1,green-bay-packers,15.00,2017
2,2,Tramon WilliamsT. Williams,0,18,26,0,green-bay-packers,13.00,2017
3,2,Spencer HavnerS. Havner,0,24,26,0,green-bay-packers,13.00,2017
4,1,Desmond BishopD. Bishop,0,16,6,0,green-bay-packers,6.00,2017
5,1,Evan SmithE. Smith,0,6,5,1,green-bay-packers,5.00,2017
6,54,Green Bay,0,5,"1,193",0,green-bay-packers,22.09,2017
7,80,Opponents,0,54,"1,824",2,green-bay-packers,22.80,2017
8,13,Tramon WilliamsT. Williams,0,83,135,0,green-bay-packers,10.38,2017
9,17,Jordy NelsonJ. Nelson,0,45,90,5,green-bay-packers,5.29,2017
10,3,Will BlackmonW. Blackmon,0,14,11,6,green-bay-packers,3.67,2017
0,James StarksJ. Starks,0,30,0,2,20.38,green-bay-packers,25,2017
1,John KuhnJ. Kuhn,0,17,0,1,12.50,green-bay-packers,8,2017
2,Matt WilhelmM. Wilhelm,0,8,0,1,8.00,green-bay-packers,3,2017
3,Maurice SimpkinsM. Simpkins,0,3,0,1,3.00,green-bay-packers,0,2017
4,Donald DriverD. Driver,0,0,0,1,0.00,green-bay-packers,0,2017
5,Green Bay,0,0,0,62,0.00,green-bay-packers,"1,249",2017
6,Opponents,0,51,0,76,20.15,green-bay-packers,"1,658",2017
7,Tramon WilliamsT. Williams,0,71,0,41,21.82,green-bay-packers,326,2017
8,Sam ShieldsS. Shields,0,52,19,0,7.95,green-bay-packers,-1,2017
9,Green Bay,0,-1,0,41,0.00,green-bay-packers,325,2017
0,0,27.68,941,34,108t,Randall CobbR. Cobb,green-bay-packers,1,2017
1,0,20.00,40,2,20,Brandon SaineB. Saine,green-bay-packers,0,2017
2,0,11.00,11,1,11,Tom CrabtreeT. Crabtree,green-bay-packers,0,2017
3,0,9.00,9,1,9,Charles WoodsonC. Woodson,green-bay-packers,0,2017
4,0,2.50,5,2,5,Donald DriverD. Driver,green-bay-packers,0,2017
5,0,-1.00,-1,1,-1,Patrick LeeP. Lee,green-bay-packers,0,2017
6,0,24.51,"1,005",41,108t,Green Bay,green-bay-packers,1,2017
7,0,23.36,"1,378",59,57,Opponents,green-bay-packers,0,2017
0,0,25.37,964,38,46,Randall CobbR. Cobb,green-bay-packers,0,2017
1,0,28.67,86,3,44,Jeremy RossJ. Ross,green-bay-packers,0,2017
2,0,12.00,24,2,12,D.J. WilliamsD. Williams,green-bay-packers,0,2017
3,0,24.98,"1,074",43,46,Green Bay,green-bay-packers,0,2017
4,0,23.39,"1,193",51,41,Opponents,green-bay-packers,0,2017
0,0,24.14,531,22,70,Micah HydeM. Hyde,green-bay-packers,0,2017
1,0,20.50,82,4,26,Johnathan FranklinJ. Franklin,green-bay-packers,0,2017
2,0,12.50,75,6,21,Jeremy RossJ. Ross,green-bay-packers,0,2017
3,0,20.00,40,2,21,John KuhnJ. Kuhn,green-bay-packers,0,2017
4,0,22.00,22,1,22,Kahlil BellK. Bell,green-bay-packers,0,2017
5,0,19.00,19,1,19,Michael HillM. Hill,green-bay-packers,0,2017
6,0,12.00,12,1,12,Chris BanjoC. Banjo,green-bay-packers,0,2017
7,0,10.00,10,1,10,Randall CobbR. Cobb,green-bay-packers,0,2017
8,0,0.00,0,1,0,Jake StoneburnerJ. Stoneburner,green-bay-packers,0,2017
9,0,20.28,791,39,70,Green Bay,green-bay-packers,0,2017
10,0,25.85,"1,577",61,109t,Opponents,green-bay-packers,1,2017
0,0,20.73,456,22,41,DuJuan HarrisD. Harris,green-bay-packers,0,2017
1,0,24.00,96,4,28,Micah HydeM. Hyde,green-bay-packers,0,2017
2,0,3.00,3,1,3,Jarrett BoykinJ. Boykin,green-bay-packers,0,2017
3,1,0.00,0,0,0,Richard RodgersR. Rodgers,green-bay-packers,0,2017
4,0,0.00,0,1,0,Jordy NelsonJ. Nelson,green-bay-packers,0,2017
5,0,0.00,0,1,0,Randall CobbR. Cobb,green-bay-packers,0,2017
6,1,19.14,555,29,41,Green Bay,green-bay-packers,0,2017
7,0,24.50,"1,421",58,101t,Opponents,green-bay-packers,1,2017
0,0,29.00,406,14,70,Jeff JanisJ. Janis,green-bay-packers,0,2017
1,0,31.14,218,7,46,Ty MontgomeryT. Montgomery,green-bay-packers,0,2017
2,0,23.38,187,8,30,Micah HydeM. Hyde,green-bay-packers,0,2017
3,0,26.00,52,2,30,Jared AbbrederisJ. Abbrederis,green-bay-packers,0,2017
4,0,4.50,9,2,9,John KuhnJ. Kuhn,green-bay-packers,0,2017
5,0,9.00,9,1,9,Datone JonesD. Jones,green-bay-packers,0,2017
6,0,0.00,0,1,0,J.C. TretterJ. Tretter,green-bay-packers,0,2017
7,0,0.00,0,1,0,Aaron RipkowskiA. Ripkowski,green-bay-packers,0,2017
8,0,24.47,881,36,70,Green Bay,green-bay-packers,0,2017
9,0,26.70,988,37,104,Opponents,green-bay-packers,0,2017
0,0,20.33,366,18,40,Ty MontgomeryT. Montgomery,green-bay-packers,0,2017
1,0,19.83,119,6,28,Jeff JanisJ. Janis,green-bay-packers,0,2017
2,0,21.33,64,3,30,Christine MichaelC. Michael,green-bay-packers,0,2017
3,0,21.33,64,3,26,Trevor DavisT. Davis,green-bay-packers,0,2017
4,0,18.00,18,1,18,Knile DavisK. Davis,green-bay-packers,0,2017
5,0,0.00,0,1,0,Richard RodgersR. Rodgers,green-bay-packers,0,2017
6,0,19.72,631,32,40,Green Bay,green-bay-packers,0,2017
7,0,26.34,"1,080",41,99t,Opponents,green-bay-packers,1,2017
0,0,22.81,707,31,34,Trevor DavisT. Davis,green-bay-packers,0,2017
1,0,14.33,43,3,17,Jeff JanisJ. Janis,green-bay-packers,0,2017
2,0,11.00,11,1,11,Kyler FackrellK. Fackrell,green-bay-packers,0,2017
3,0,21.74,761,35,34,Green Bay,green-bay-packers,0,2017
4,0,22.17,665,30,43,Opponents,green-bay-packers,0,2017
0,0,17,0,17.00,Orlando ThomasO. Thomas,17,minnesota-vikings,1,2017
1,0,15,0,15.00,Chris WalshC. Walsh,15,minnesota-vikings,2,2017
2,0,6,0,4.50,Minnesota,9,minnesota-vikings,67,2017
3,0,38,0,21.73,Opponents,"1,456",minnesota-vikings,69,2017
4,1,98t,0,22.01,Troy WaltersT. Walters,"1,519",minnesota-vikings,15,2017
5,0,63,16,14.47,David PalmerD. Palmer,217,minnesota-vikings,10,2017
6,0,16,12,3.30,Chris WalshC. Walsh,33,minnesota-vikings,1,2017
7,0,11,0,11.00,Minnesota,11,minnesota-vikings,26,2017
8,0,63,28,10.04,Opponents,261,minnesota-vikings,32,2017
0,0,11.00,11,1,11,Shawn WorthenS. Worthen,minnesota-vikings,0,2017
1,0,10.00,10,1,10,Chris WalshC. Walsh,minnesota-vikings,0,2017
2,0,2.00,2,1,2,Travis PrenticeT. Prentice,minnesota-vikings,0,2017
3,1,0.00,0,0,0,Matt SniderM. Snider,minnesota-vikings,0,2017
4,1,21.39,"1,647",77,53,Minnesota,minnesota-vikings,0,2017
5,0,21.46,"1,266",59,93t,Opponents,minnesota-vikings,1,2017
6,6,7.55,219,29,23,Nate JacquetN. Jacquet,minnesota-vikings,0,2017
7,3,6.27,69,11,16,Troy WaltersT. Walters,minnesota-vikings,0,2017
8,0,4.25,17,4,6,Don MorganD. Morgan,minnesota-vikings,0,2017
9,0,2.00,2,1,2,Chris WalshC. Walsh,minnesota-vikings,0,2017
0,225,11,Doug ChapmanD. Chapman,0,20.45,29,minnesota-vikings,0,2017
1,62,3,James WoffordJ. Wofford,0,20.67,39,minnesota-vikings,0,2017
2,15,1,D'Wayne BatesD. Bates,0,15.00,25,minnesota-vikings,0,2017
3,11,1,Randy MossR. Moss,0,11.00,15,minnesota-vikings,0,2017
4,0,1,Ronnie BradfordR. Bradford,0,0.00,11,minnesota-vikings,0,2017
5,"1,775",86,Minnesota,0,20.64,0,minnesota-vikings,0,2017
6,"1,749",76,Opponents,0,23.01,51,minnesota-vikings,0,2017
7,190,24,Nick DavisN. Davis,2,7.92,97t,minnesota-vikings,18,2017
8,93,4,D'Wayne BatesD. Bates,0,23.25,57,minnesota-vikings,2,2017
9,283,28,Minnesota,0,10.11,61,minnesota-vikings,20,2017
10,131,21,Opponents,0,6.24,61,minnesota-vikings,21,2017
0,0,20,0,12.75,Kenny ClarkK. Clark,51,minnesota-vikings,2,2017
1,0,21,0,16.50,Randy MossR. Moss,33,minnesota-vikings,1,2017
2,0,22,0,22.00,Cory WithrowC. Withrow,22,minnesota-vikings,1,2017
3,0,8,0,8.00,Sean BertonS. Berton,8,minnesota-vikings,1,2017
4,0,7,0,7.00,Nick RogersN. Rogers,7,minnesota-vikings,1,2017
5,0,1,0,1.00,E.J. HendersonE. Henderson,1,minnesota-vikings,1,2017
6,0,0,0,0.00,Minnesota,0,minnesota-vikings,71,2017
7,0,48,0,20.11,Opponents,"1,428",minnesota-vikings,75,2017
8,0,56,0,21.44,Keenan HowryK. Howry,"1,608",minnesota-vikings,35,2017
9,0,52,16,7.06,Nate BurlesonN. Burleson,247,minnesota-vikings,1,2017
10,0,0,0,0.00,Minnesota,0,minnesota-vikings,36,2017
11,0,52,16,6.86,Opponents,247,minnesota-vikings,29,2017
12,0,46,19,10.69,Eddie JohnsonE. Johnson,310,minnesota-vikings,56,2017
0,2,Derek RossD. Ross,0,24,33,0,minnesota-vikings,16.50,2017
1,1,Rod DavisR. Davis,0,19,15,0,minnesota-vikings,15.00,2017
2,1,Sean BertonS. Berton,0,15,3,0,minnesota-vikings,3.00,2017
3,1,Spencer JohnsonS. Johnson,0,3,0,0,minnesota-vikings,0.00,2017
4,73,Minnesota,0,0,"1,448",0,minnesota-vikings,19.84,2017
5,75,Opponents,0,55,"1,869",0,minnesota-vikings,24.92,2017
6,25,Nate BurlesonN. Burleson,1,92t,214,0,minnesota-vikings,8.56,2017
7,2,Keenan HowryK. Howry,1,91t,33,9,minnesota-vikings,16.50,2017
8,4,Mewelde MooreM. Moore,0,21,28,3,minnesota-vikings,7.00,2017
9,0,Randy MossR. Moss,0,17,0,1,minnesota-vikings,0.00,2017
10,31,Minnesota,0,0,275,1,minnesota-vikings,8.87,2017
0,0,16.00,16,1,16,Moe WilliamsM. Williams,minnesota-vikings,0,2017
1,0,13.00,13,1,13,E.J. HendersonE. Henderson,minnesota-vikings,0,2017
2,0,6.00,6,1,6,Anthony HerreraA. Herrera,minnesota-vikings,0,2017
3,0,2.00,4,2,4,Ciatrick FasonC. Fason,minnesota-vikings,0,2017
4,0,21.82,"1,549",71,86t,Minnesota,minnesota-vikings,1,2017
5,0,21.13,"1,416",67,48,Opponents,minnesota-vikings,0,2017
6,9,11.67,245,21,71t,Mewelde MooreM. Moore,minnesota-vikings,1,2017
7,5,6.50,78,12,19,Keenan HowryK. Howry,minnesota-vikings,0,2017
8,0,4.20,21,5,10,Nate BurlesonN. Burleson,minnesota-vikings,0,2017
9,0,0.00,0,1,0,Travis TaylorT. Taylor,minnesota-vikings,0,2017
0,0.00,0,1,Richard OwensR. Owens,0,0,minnesota-vikings,0,2017
1,0.00,0,0,E.J. HendersonE. Henderson,1,0,minnesota-vikings,0,2017
2,22.61,"1,492",66,Minnesota,1,0,minnesota-vikings,65,2017
3,23.20,"1,369",59,Opponents,0,0,minnesota-vikings,99t,2017
4,10.14,365,36,Mewelde MooreM. Moore,9,1,minnesota-vikings,71t,2017
5,8.00,8,1,Dwight SmithD. Smith,0,1,minnesota-vikings,8,2017
6,1.00,1,1,Charles GordonC. Gordon,0,0,minnesota-vikings,1,2017
7,9.84,374,38,Minnesota,9,0,minnesota-vikings,71t,2017
8,9.70,485,50,Opponents,21,1,minnesota-vikings,45t,2017
0,1,Jeff DuganJ. Dugan,0,20,18,0,minnesota-vikings,18.00,2017
1,1,Otis GrigsbyO. Grigsby,0,18,2,0,minnesota-vikings,2.00,2017
2,1,Visanthe ShiancoeV. Shiancoe,0,2,0,0,minnesota-vikings,0.00,2017
3,59,Minnesota,0,0,"1,461",0,minnesota-vikings,24.76,2017
4,65,Opponents,1,104t,"1,441",0,minnesota-vikings,22.17,2017
5,13,Mewelde MooreM. Moore,0,55,130,0,minnesota-vikings,10.00,2017
6,16,Bobby WadeB. Wade,0,42,112,8,minnesota-vikings,7.00,2017
7,29,Minnesota,0,17,242,11,minnesota-vikings,8.34,2017
8,43,Opponents,0,42,440,19,minnesota-vikings,10.23,2017
9,81,Chris KluweC. Kluwe,1,89t,"3,621",6,minnesota-vikings,44.7,2017
0,0,42,0,30.50,Jim KleinsasserJ. Kleinsasser,61,minnesota-vikings,3,2017
1,0,14,0,12.00,Naufahu TahiN. Tahi,36,minnesota-vikings,2,2017
2,0,20,0,15.50,Adrian PetersonA. Peterson,31,minnesota-vikings,1,2017
3,0,16,0,16.00,Minnesota,16,minnesota-vikings,61,2017
4,0,49,0,22.44,Opponents,"1,369",minnesota-vikings,78,2017
5,0,58,0,23.46,Bernard BerrianB. Berrian,"1,830",minnesota-vikings,7,2017
6,1,82t,5,16.29,Charles GordonC. Gordon,114,minnesota-vikings,15,2017
7,0,20,11,4.40,Aundrae AllisonA. Allison,66,minnesota-vikings,9,2017
8,0,27,4,6.44,Bobby WadeB. Wade,58,minnesota-vikings,3,2017
9,0,20,3,11.67,Minnesota,35,minnesota-vikings,34,2017
0,13,0,7.60,38,0,5,minnesota-vikings,Brian RobisonB. Robison,2017
1,7,1,3.50,7,0,2,minnesota-vikings,Jimmy KennedyJ. Kennedy,2017
2,6,0,6.00,6,0,1,minnesota-vikings,Naufahu TahiN. Tahi,2017
3,0,0,0.00,0,0,1,minnesota-vikings,Sidney RiceS. Rice,2017
4,0,0,0.00,0,0,1,minnesota-vikings,Minnesota,2017
5,101t,1,23.16,"1,297",2,56,minnesota-vikings,Opponents,2017
6,77,0,22.64,"2,060",0,91,minnesota-vikings,Darius ReynaudD. Reynaud,2017
7,36,13,10.27,308,0,30,minnesota-vikings,Jaymar JohnsonJ. Johnson,2017
8,24,3,8.38,134,0,16,minnesota-vikings,Bernard BerrianB. Berrian,2017
0,Albert YoungA. Young,0,30,0,1,30.00,minnesota-vikings,25,2017
1,Jeff DuganJ. Dugan,0,25,0,2,25.00,minnesota-vikings,8,2017
2,Jasper BrinkleyJ. Brinkley,0,5,0,1,4.00,minnesota-vikings,2,2017
3,Jim KleinsasserJ. Kleinsasser,0,2,0,0,2.00,minnesota-vikings,0,2017
4,Jimmy KennedyJ. Kennedy,0,0,1,1,0.00,minnesota-vikings,0,2017
5,Minnesota,0,0,0,64,0.00,minnesota-vikings,"1,427",2017
6,Opponents,1,95t,1,61,22.30,minnesota-vikings,"1,455",2017
7,Greg CamarilloG. Camarillo,1,96t,0,39,23.85,minnesota-vikings,359,2017
8,Bernard BerrianB. Berrian,0,52,20,3,9.21,minnesota-vikings,2,2017
9,Minnesota,0,2,2,42,0.67,minnesota-vikings,361,2017
0,0,32.50,520,16,104,Percy HarvinP. Harvin,minnesota-vikings,1,2017
1,0,23.68,450,19,68,Lorenzo BookerL. Booker,minnesota-vikings,0,2017
2,0,27.81,445,16,78,Marcus SherelsM. Sherels,minnesota-vikings,0,2017
3,0,7.00,7,1,7,Everson GriffenE. Griffen,minnesota-vikings,0,2017
4,0,6.00,6,1,6,Ryan D'ImperioR. D'Imperio,minnesota-vikings,0,2017
5,0,26.94,"1,428",53,104,Minnesota,minnesota-vikings,1,2017
6,0,24.61,"1,403",57,98t,Opponents,minnesota-vikings,1,2017
0,0,35.88,574,16,105t,Percy HarvinP. Harvin,minnesota-vikings,1,2017
1,0,26.38,422,16,41,Marcus SherelsM. Sherels,minnesota-vikings,0,2017
2,0,20.33,61,3,24,Josh RobinsonJ. Robinson,minnesota-vikings,0,2017
3,0,18.33,55,3,22,Matt AsiataM. Asiata,minnesota-vikings,0,2017
4,0,20.00,20,1,20,Anthony OrangeA. Orange,minnesota-vikings,0,2017
5,0,16.00,16,1,16,Jerome FeltonJ. Felton,minnesota-vikings,0,2017
6,0,6.00,12,2,8,Christian BallardC. Ballard,minnesota-vikings,0,2017
7,0,10.00,10,1,10,D'Aundre ReedD. Reed,minnesota-vikings,0,2017
8,0,1.00,1,1,1,Kyle RudolphK. Rudolph,minnesota-vikings,0,2017
9,1,0.00,0,0,0,Rhett EllisonR. Ellison,minnesota-vikings,0,2017
10,1,26.61,"1,171",44,105t,Minnesota,minnesota-vikings,1,2017
11,0,24.09,795,33,94,Opponents,minnesota-vikings,0,2017
0,0,32.40,"1,393",43,109t,Cordarrelle PattersonC. Patterson,minnesota-vikings,2,2017
1,0,15.14,106,7,20,Toby GerhartT. Gerhart,minnesota-vikings,0,2017
2,0,14.00,28,2,20,Matt AsiataM. Asiata,minnesota-vikings,0,2017
3,0,11.00,22,2,13,Jerome FeltonJ. Felton,minnesota-vikings,0,2017
4,0,21.00,21,1,21,Anthony OrangeA. Orange,minnesota-vikings,0,2017
5,0,8.50,17,2,15,Chase FordC. Ford,minnesota-vikings,0,2017
6,0,6.50,13,2,12,John CarlsonJ. Carlson,minnesota-vikings,0,2017
7,0,4.50,9,2,9,Sharrif FloydS. Floyd,minnesota-vikings,0,2017
8,0,9.00,9,1,9,Joe WebbJ. Webb,minnesota-vikings,0,2017
9,0,9.00,9,1,9,Jarius WrightJ. Wright,minnesota-vikings,0,2017
10,0,7.00,7,1,7,Rhett EllisonR. Ellison,minnesota-vikings,0,2017
11,0,6.00,6,1,6,Joe BanyardJ. Banyard,minnesota-vikings,0,2017
12,0,6.00,6,1,6,Marvin MitchellM. Mitchell,minnesota-vikings,0,2017
13,0,24.94,"1,646",66,109t,Minnesota,minnesota-vikings,2,2017
14,0,27.15,"1,113",41,80,Opponents,minnesota-vikings,1,2017
0,0,25.62,871,34,51,Cordarrelle PattersonC. Patterson,minnesota-vikings,0,2017
1,0,27.50,110,4,46,Marcus SherelsM. Sherels,minnesota-vikings,0,2017
2,0,11.75,47,4,16,Matt AsiataM. Asiata,minnesota-vikings,0,2017
3,0,12.00,36,3,14,Jerome FeltonJ. Felton,minnesota-vikings,0,2017
4,0,16.50,33,2,21,Adam ThielenA. Thielen,minnesota-vikings,0,2017
5,0,11.50,23,2,14,Rhett EllisonR. Ellison,minnesota-vikings,0,2017
6,0,9.50,19,2,13,Justin TrattouJ. Trattou,minnesota-vikings,0,2017
7,0,14.00,14,1,14,MarQueis GrayM. Gray,minnesota-vikings,0,2017
8,0,12.00,12,1,12,Chase FordC. Ford,minnesota-vikings,0,2017
9,0,8.00,8,1,8,Joe BanyardJ. Banyard,minnesota-vikings,0,2017
10,0,21.72,"1,173",54,51,Minnesota,minnesota-vikings,0,2017
11,0,20.68,579,28,67,Opponents,minnesota-vikings,0,2017
0,0,31.84,"1,019",32,101t,Cordarrelle PattersonC. Patterson,minnesota-vikings,2,2017
1,0,14.33,43,3,23,Zach LineZ. Line,minnesota-vikings,0,2017
2,0,16.50,33,2,21,Marcus SherelsM. Sherels,minnesota-vikings,0,2017
3,0,27.00,27,1,27,Robert BlantonR. Blanton,minnesota-vikings,0,2017
4,0,24.00,24,1,24,Jerick McKinnonJ. McKinnon,minnesota-vikings,0,2017
5,0,22.00,22,1,22,Stefon DiggsS. Diggs,minnesota-vikings,0,2017
6,0,12.00,12,1,12,MyCole PruittM. Pruitt,minnesota-vikings,0,2017
7,0,10.00,10,1,10,Danielle HunterD. Hunter,minnesota-vikings,0,2017
8,0,28.33,"1,190",42,101t,Minnesota,minnesota-vikings,2,2017
9,0,26.07,"1,043",40,70,Opponents,minnesota-vikings,0,2017
0,0,31.68,792,25,104t,Cordarrelle PattersonC. Patterson,minnesota-vikings,1,2017
1,0,17.50,35,2,18,Marcus SherelsM. Sherels,minnesota-vikings,0,2017
2,0,14.50,29,2,18,David MorganD. Morgan,minnesota-vikings,0,2017
3,0,19.00,19,1,19,Adam ThielenA. Thielen,minnesota-vikings,0,2017
4,0,16.00,16,1,16,Charles JohnsonC. Johnson,minnesota-vikings,0,2017
5,0,11.00,11,1,11,Matt AsiataM. Asiata,minnesota-vikings,0,2017
6,0,0.00,0,1,0,Laquon TreadwellL. Treadwell,minnesota-vikings,0,2017
7,0,27.33,902,33,104t,Minnesota,minnesota-vikings,1,2017
8,0,25.79,980,38,98t,Opponents,minnesota-vikings,1,2017
0,0,26.00,312,12,39,Jerick McKinnonJ. McKinnon,minnesota-vikings,0,2017
1,0,24.64,271,11,32,Marcus SherelsM. Sherels,minnesota-vikings,0,2017
2,0,19.00,19,1,19,Stacy ColeyS. Coley,minnesota-vikings,0,2017
3,0,17.00,17,1,17,Mack BrownM. Brown,minnesota-vikings,0,2017
4,0,24.76,619,25,39,Minnesota,minnesota-vikings,0,2017
5,0,22.73,"1,023",45,71,Opponents,minnesota-vikings,0,2017
0,15,2,Winslow OliverW. Oliver,0,7.50,19,atlanta-falcons,0,2017
1,2,1,Brian FinneranB. Finneran,0,2.00,11,atlanta-falcons,0,2017
2,"1,890",83,Atlanta,0,22.77,2,atlanta-falcons,0,2017
3,"1,230",50,Opponents,3,24.60,100t,atlanta-falcons,0,2017
4,309,33,Tim DwightT. Dwight,3,9.36,103t,atlanta-falcons,17,2017
5,39,4,Winslow OliverW. Oliver,1,9.75,70t,atlanta-falcons,3,2017
6,348,37,Atlanta,0,9.41,40,atlanta-falcons,20,2017
7,126,29,Opponents,1,4.34,70t,atlanta-falcons,31,2017
0,70,Atlanta,0,1,"1,598",0,atlanta-falcons,22.83,2017
1,64,Opponents,1,96t,"1,286",0,atlanta-falcons,20.09,2017
2,31,Darrien GordonD. Gordon,0,37,437,0,atlanta-falcons,14.10,2017
3,2,Chris HudsonC. Hudson,0,74,26,6,atlanta-falcons,13.00,2017
4,1,Brian KozlowskiB. Kozlowski,0,22,0,1,atlanta-falcons,0.00,2017
5,34,Atlanta,0,0,463,0,atlanta-falcons,13.62,2017
6,17,Opponents,0,74,130,7,atlanta-falcons,7.65,2017
0,1,Alge CrumplerA. Crumpler,0,10,9,0,atlanta-falcons,9.00,2017
1,1,T.J. DuckettT. Duckett,0,9,4,0,atlanta-falcons,4.00,2017
2,63,Atlanta,0,4,"1,404",0,atlanta-falcons,22.29,2017
3,73,Opponents,1,91t,"1,607",0,atlanta-falcons,22.01,2017
4,24,Allen RossumA. Rossum,0,88,288,0,atlanta-falcons,12.00,2017
5,2,Damon GibsonD. Gibson,0,36,25,10,atlanta-falcons,12.50,2017
6,4,Kahlil HillK. Hill,0,19,12,1,atlanta-falcons,3.00,2017
7,2,Brian FinneranB. Finneran,0,5,0,2,atlanta-falcons,0.00,2017
8,32,Atlanta,0,0,325,0,atlanta-falcons,10.16,2017
0,"1,572",79,Atlanta,0,19.90,12,atlanta-falcons,0,2017
1,"1,204",62,Opponents,0,19.42,52,atlanta-falcons,0,2017
2,545,39,Allen RossumA. Rossum,0,13.97,44,atlanta-falcons,11,2017
3,46,1,Quentin McCordQ. McCord,1,46.00,72,atlanta-falcons,0,2017
4,14,1,Juran BoldenJ. Bolden,0,14.00,46,atlanta-falcons,0,2017
5,6,1,Woodrow DantzlerW. Dantzler,0,6.00,14,atlanta-falcons,0,2017
0,0,49,0,21.82,Opponents,"1,331",atlanta-falcons,56,2017
1,1,96t,0,19.95,Allen RossumA. Rossum,"1,117",atlanta-falcons,37,2017
2,1,75t,14,12.35,Brian FinneranB. Finneran,457,atlanta-falcons,0,2017
3,0,0,3,0.00,Atlanta,0,atlanta-falcons,37,2017
4,1,75t,17,12.35,Opponents,457,atlanta-falcons,33,2017
5,0,25,21,4.06,Chris MohrC. Mohr,134,atlanta-falcons,76,2017
0,0,18.00,54,3,21,Jerome PathonJ. Pathon,atlanta-falcons,0,2017
1,0,22.50,45,2,23,DeAngelo HallD. Hall,atlanta-falcons,0,2017
2,0,18.00,36,2,18,T.J. DuckettT. Duckett,atlanta-falcons,0,2017
3,0,21.17,"1,482",70,47,Atlanta,atlanta-falcons,0,2017
4,0,19.29,"1,138",59,45,Opponents,atlanta-falcons,0,2017
5,12,8.53,145,17,29,Allen RossumA. Rossum,atlanta-falcons,0,2017
6,2,10.25,82,8,27,DeAngelo HallD. Hall,atlanta-falcons,0,2017
7,0,6.33,19,3,15,Michael JenkinsM. Jenkins,atlanta-falcons,0,2017
8,0,8.00,8,1,8,Deandra CobbD. Cobb,atlanta-falcons,0,2017
0,0,22.68,"1,542",68,51,Atlanta,atlanta-falcons,0,2017
1,0,20.62,"1,093",53,59,Opponents,atlanta-falcons,0,2017
2,13,7.78,288,37,41,Allen RossumA. Rossum,atlanta-falcons,0,2017
3,13,7.78,288,37,41,Atlanta,atlanta-falcons,0,2017
4,21,11.16,279,25,65,Opponents,atlanta-falcons,0,2017
5,65,42.1,"3,199",76,6,Michael KoenenM. Koenen,atlanta-falcons,25,2017
0,0,24.74,"1,781",72,76,Atlanta,atlanta-falcons,0,2017
1,0,22.96,"1,148",50,90t,Opponents,atlanta-falcons,1,2017
2,17,6.20,186,30,23,Adam JenningsA. Jennings,atlanta-falcons,0,2017
3,1,8.20,41,5,16,DeAngelo HallD. Hall,atlanta-falcons,0,2017
4,0,1.00,1,1,1,Antoine HarrisA. Harris,atlanta-falcons,0,2017
5,18,6.33,228,36,23,Atlanta,atlanta-falcons,0,2017
0,0,10,0,10.00,Brian FinneranB. Finneran,10,atlanta-falcons,1,2017
1,0,5,0,5.00,Atlanta,5,atlanta-falcons,59,2017
2,0,92,0,23.86,Opponents,"1,408",atlanta-falcons,71,2017
3,0,88,0,21.63,Harry DouglasH. Douglas,"1,536",atlanta-falcons,19,2017
4,1,61t,3,11.89,Adam JenningsA. Jennings,226,atlanta-falcons,23,2017
5,0,37,6,6.57,Brian FinneranB. Finneran,151,atlanta-falcons,1,2017
6,0,2,3,2.00,Atlanta,2,atlanta-falcons,43,2017
7,1,61t,12,8.81,Opponents,379,atlanta-falcons,20,2017
0,Brian FinneranB. Finneran,0,39,0,2,39.00,atlanta-falcons,22,2017
1,Keith ZingerK. Zinger,0,16,0,1,11.00,atlanta-falcons,7,2017
2,Atlanta,0,7,0,55,7.00,atlanta-falcons,"1,336",2017
3,Opponents,0,62,0,46,24.29,atlanta-falcons,945,2017
4,Eric WeemsE. Weems,0,39,0,27,20.54,atlanta-falcons,270,2017
5,Atlanta,0,28,14,27,10.00,atlanta-falcons,270,2017
6,Opponents,0,28,14,27,10.00,atlanta-falcons,289,2017
0,Ovie MughelliO. Mughelli,0,18,0,1,18.00,atlanta-falcons,6,2017
1,Atlanta,0,6,0,46,6.00,atlanta-falcons,"1,221",2017
2,Opponents,1,102t,0,64,26.54,atlanta-falcons,"1,362",2017
3,Eric WeemsE. Weems,1,89t,0,18,21.28,atlanta-falcons,230,2017
4,Thomas DeCoudT. DeCoud,1,55t,19,1,12.78,atlanta-falcons,0,2017
5,Atlanta,0,0,0,19,0.00,atlanta-falcons,230,2017
0,0,23.46,563,24,37,Eric WeemsE. Weems,atlanta-falcons,0,2017
1,0,23.46,563,24,37,Atlanta,atlanta-falcons,0,2017
2,0,24.78,"1,487",60,104,Opponents,atlanta-falcons,0,2017
0,0,25.74,592,23,77,Jacquizz RodgersJ. Rodgers,atlanta-falcons,0,2017
1,0,24.00,24,1,24,Lousaka PoliteL. Polite,atlanta-falcons,0,2017
2,0,8.00,16,2,9,Jason SnellingJ. Snelling,atlanta-falcons,0,2017
3,0,8.00,8,1,8,Harry DouglasH. Douglas,atlanta-falcons,0,2017
4,0,23.70,640,27,77,Atlanta,atlanta-falcons,0,2017
5,0,22.19,"1,065",48,65,Opponents,atlanta-falcons,0,2017
0,0,23.00,575,25,34,Jacquizz RodgersJ. Rodgers,atlanta-falcons,0,2017
1,0,0.00,40,0,40,Antone SmithA. Smith,atlanta-falcons,0,2017
2,0,23.00,23,1,23,Jason SnellingJ. Snelling,atlanta-falcons,0,2017
3,0,21.00,21,1,21,Patrick DiMarcoP. DiMarco,atlanta-falcons,0,2017
4,0,24.41,659,27,40,Atlanta,atlanta-falcons,0,2017
5,0,24.83,571,23,36,Opponents,atlanta-falcons,0,2017
0,0,25.07,"1,128",45,66,Devin HesterD. Hester,atlanta-falcons,0,2017
1,0,17.00,34,2,17,Eric WeemsE. Weems,atlanta-falcons,0,2017
2,0,10.00,10,1,10,Jacquizz RodgersJ. Rodgers,atlanta-falcons,0,2017
3,0,2.00,2,1,2,Cliff MatthewsC. Matthews,atlanta-falcons,0,2017
4,0,0.00,0,1,0,Levine ToiloloL. Toilolo,atlanta-falcons,0,2017
5,0,23.48,"1,174",50,66,Atlanta,atlanta-falcons,0,2017
6,0,22.78,820,36,99,Opponents,atlanta-falcons,0,2017
0,0,26.87,403,15,50,Eric WeemsE. Weems,atlanta-falcons,0,2017
1,0,26.11,235,9,35,Devin HesterD. Hester,atlanta-falcons,0,2017
2,0,19.00,19,1,19,Patrick DiMarcoP. DiMarco,atlanta-falcons,0,2017
3,0,10.00,10,1,10,Terron WardT. Ward,atlanta-falcons,0,2017
4,1,0.00,0,0,0,Roddy WhiteR. White,atlanta-falcons,0,2017
5,1,25.65,667,26,50,Atlanta,atlanta-falcons,0,2017
6,0,27.23,599,22,41,Opponents,atlanta-falcons,0,2017
0,0,23.00,391,17,42,Eric WeemsE. Weems,atlanta-falcons,0,2017
1,0,17.33,52,3,32,Justin HardyJ. Hardy,atlanta-falcons,0,2017
2,0,13.50,27,2,16,Aldrick RobinsonA. Robinson,atlanta-falcons,0,2017
3,0,14.00,14,1,14,Patrick DiMarcoP. DiMarco,atlanta-falcons,0,2017
4,0,21.04,484,23,42,Atlanta,atlanta-falcons,0,2017
5,0,22.62,905,40,52,Opponents,atlanta-falcons,0,2017
0,0,22.63,860,38,61,Andre RobertsA. Roberts,atlanta-falcons,0,2017
1,0,11.00,11,1,11,Ben GarlandB. Garland,atlanta-falcons,0,2017
2,0,22.33,871,39,61,Atlanta,atlanta-falcons,0,2017
3,0,26.15,863,33,57,Opponents,atlanta-falcons,0,2017
0,21.09,"1,160",55,Carolina,0,0,carolina-panthers,92t,2017
1,17.50,"1,120",64,Opponents,0,1,carolina-panthers,32,2017
2,17.30,173,10,Iheanyi UwaezuokeI. Uwaezuoke,6,0,carolina-panthers,64t,2017
3,4.43,31,7,Michael BatesM. Bates,3,1,carolina-panthers,12,2017
4,12.00,24,2,Eric DavisE. Davis,2,0,carolina-panthers,20,2017
5,10.00,10,1,Isaac ByrdI. Byrd,1,0,carolina-panthers,10,2017
6,0.00,0,1,Jimmy HitchcockJ. Hitchcock,0,0,carolina-panthers,0,2017
0,1,Brad HooverB. Hoover,0,20,8,0,carolina-panthers,8.00,2017
1,1,Casey CrawfordC. Crawford,0,8,8,0,carolina-panthers,8.00,2017
2,76,Carolina,0,8,"1,769",0,carolina-panthers,23.28,2017
3,60,Opponents,2,99t,"1,340",0,carolina-panthers,22.33,2017
4,34,Steve SmithS. Smith,0,46,364,0,carolina-panthers,10.71,2017
5,5,Isaac ByrdI. Byrd,1,70t,56,10,carolina-panthers,11.20,2017
6,39,Carolina,0,22,420,2,carolina-panthers,10.77,2017
7,42,Opponents,1,70t,425,12,carolina-panthers,10.12,2017
8,93,Todd SauerbrunT. Sauerbrun,1,68t,"4,419",19,carolina-panthers,47.5,2017
0,18,1,Jermaine WigginsJ. Wiggins,0,18.00,15,carolina-panthers,0,2017
1,13,1,Al WallaceA. Wallace,0,13.00,18,carolina-panthers,0,2017
2,12,1,Kris MangumK. Mangum,0,12.00,13,carolina-panthers,0,2017
3,3,1,Keith HeinrichK. Heinrich,0,3.00,12,carolina-panthers,0,2017
4,"1,208",60,Carolina,0,20.13,3,carolina-panthers,0,2017
5,926,50,Opponents,0,18.52,51,carolina-panthers,0,2017
6,470,55,Steve SmithS. Smith,0,8.55,31,carolina-panthers,13,2017
7,17,2,Isaac ByrdI. Byrd,2,8.50,87t,carolina-panthers,3,2017
8,487,57,Carolina,0,8.54,17,carolina-panthers,16,2017
9,554,63,Opponents,2,8.79,87t,carolina-panthers,7,2017
0,0,16,0,16.00,Al WallaceA. Wallace,16,carolina-panthers,1,2017
1,0,13,0,13.00,Muhsin MuhammadM. Muhammad,13,carolina-panthers,1,2017
2,0,2,0,2.00,Jermaine WigginsJ. Wiggins,2,carolina-panthers,0,2017
3,0,0,1,0.00,Brad HooverB. Hoover,0,carolina-panthers,1,2017
4,0,0,0,0.00,Carolina,0,carolina-panthers,60,2017
5,1,100t,1,22.42,Opponents,"1,345",carolina-panthers,70,2017
6,0,53,0,20.36,Steve SmithS. Smith,"1,425",carolina-panthers,44,2017
7,1,53t,14,9.98,Kevin DysonK. Dyson,439,carolina-panthers,1,2017
8,0,14,1,14.00,Carolina,14,carolina-panthers,45,2017
9,1,53t,15,10.07,Opponents,453,carolina-panthers,35,2017
10,1,89t,12,11.49,Todd SauerbrunT. Sauerbrun,402,carolina-panthers,77,2017
0,0,27,0,21.33,Eugene BakerE. Baker,64,carolina-panthers,2,2017
1,0,23,0,19.50,Keary ColbertK. Colbert,39,carolina-panthers,2,2017
2,0,19,0,15.00,Brad HooverB. Hoover,30,carolina-panthers,2,2017
3,0,16,0,15.00,Mike SeidmanM. Seidman,30,carolina-panthers,2,2017
4,0,12,1,10.00,DeShaun FosterD. Foster,20,carolina-panthers,2,2017
5,0,14,0,8.00,Dante WesleyD. Wesley,16,carolina-panthers,1,2017
6,0,15,0,15.00,Kemp RasmussenK. Rasmussen,15,carolina-panthers,1,2017
7,0,12,0,12.00,Carolina,12,carolina-panthers,61,2017
8,0,49,1,21.43,Opponents,"1,307",carolina-panthers,69,2017
9,0,66,0,21.41,Chris GambleC. Gamble,"1,477",carolina-panthers,9,2017
10,0,16,2,7.67,Eugene BakerE. Baker,69,carolina-panthers,8,2017
11,0,18,3,6.12,Jamall BroussardJ. Broussard,49,carolina-panthers,10,2017
12,0,13,8,4.30,Artrell HawkinsA. Hawkins,43,carolina-panthers,1,2017
13,0,4,0,4.00,Steve SmithS. Smith,4,carolina-panthers,0,2017
0,21,1,Nick GoingsN. Goings,0,21.00,13,carolina-panthers,0,2017
1,10,1,Brad HooverB. Hoover,0,10.00,21,carolina-panthers,0,2017
2,9,1,Kris MangumK. Mangum,0,9.00,10,carolina-panthers,0,2017
3,"1,083",53,Carolina,0,20.43,9,carolina-panthers,0,2017
4,"1,702",80,Opponents,0,21.27,60,carolina-panthers,0,2017
5,286,27,Steve SmithS. Smith,0,10.59,47,carolina-panthers,6,2017
6,158,14,Chris GambleC. Gamble,0,11.29,44,carolina-panthers,5,2017
7,444,41,Carolina,0,10.83,76,carolina-panthers,11,2017
8,235,36,Opponents,0,6.53,76,carolina-panthers,20,2017
0,0,Jeff KingJ. King,0,17,0,0,carolina-panthers,0.00,2017
1,2,Steve SmithS. Smith,0,0,-1,1,carolina-panthers,-0.50,2017
2,62,Carolina,0,3,"1,200",0,carolina-panthers,19.35,2017
3,59,Opponents,0,39,"1,302",1,carolina-panthers,22.07,2017
4,36,Chris GambleC. Gamble,0,64,185,0,carolina-panthers,5.14,2017
5,9,Steve SmithS. Smith,0,24,30,13,carolina-panthers,3.33,2017
6,2,Taye BiddleT. Biddle,0,16,11,3,carolina-panthers,5.50,2017
7,2,Richard MarshallR. Marshall,0,11,-1,1,carolina-panthers,-0.50,2017
8,49,Carolina,0,0,225,0,carolina-panthers,4.59,2017
0,0,14.00,42,3,16,Geoff HangartnerG. Hangartner,carolina-panthers,0,2017
1,0,19.50,39,2,25,Dante RosarioD. Rosario,carolina-panthers,0,2017
2,1,16.00,16,1,16,Jeff KingJ. King,carolina-panthers,0,2017
3,0,0.00,0,1,0,Stanley McCloverS. McClover,carolina-panthers,0,2017
4,0,0.00,0,1,0,Richard MarshallR. Marshall,carolina-panthers,0,2017
5,1,19.10,"1,146",60,60,Carolina,carolina-panthers,0,2017
6,0,23.80,"1,333",56,84,Opponents,carolina-panthers,0,2017
7,19,8.73,262,30,34,Ryne RobinsonR. Robinson,carolina-panthers,0,2017
8,0,3.50,7,2,6,Steve SmithS. Smith,carolina-panthers,0,2017
9,19,8.41,269,32,34,Carolina,carolina-panthers,0,2017
10,16,10.53,579,55,94t,Opponents,carolina-panthers,1,2017
0,12,1,Jeff KingJ. King,0,12.00,15,carolina-panthers,0,2017
1,12,1,Brad HooverB. Hoover,0,12.00,12,carolina-panthers,0,2017
2,"1,372",60,Carolina,0,22.87,12,carolina-panthers,0,2017
3,"1,292",59,Opponents,0,21.90,59,carolina-panthers,0,2017
4,443,39,Mark JonesM. Jones,0,11.36,46,carolina-panthers,20,2017
5,10,1,Steve SmithS. Smith,0,10.00,55,carolina-panthers,0,2017
6,0,1,Dante WesleyD. Wesley,0,0.00,10,carolina-panthers,0,2017
7,0,1,Nate SalleyN. Salley,0,0.00,0,carolina-panthers,0,2017
0,0,55,0,21.90,Dante RosarioD. Rosario,219,carolina-panthers,2,2017
1,0,22,0,20.50,Jeff KingJ. King,41,carolina-panthers,3,2017
2,0,14,0,12.33,Jonathan StewartJ. Stewart,37,carolina-panthers,2,2017
3,0,17,0,8.50,Geoff SchwartzG. Schwartz,17,carolina-panthers,1,2017
4,0,16,0,16.00,Gary BarnidgeG. Barnidge,16,carolina-panthers,1,2017
5,0,16,0,16.00,Captain MunnerlynC. Munnerlyn,16,carolina-panthers,1,2017
6,0,15,0,15.00,Carolina,15,carolina-panthers,51,2017
7,0,55,0,19.90,Opponents,"1,015",carolina-panthers,51,2017
8,1,97t,0,24.84,Captain MunnerlynC. Munnerlyn,"1,267",carolina-panthers,31,2017
9,0,37,10,8.97,Kenneth MooreK. Moore,278,carolina-panthers,2,2017
10,0,4,1,2.00,Chris GambleC. Gamble,4,carolina-panthers,1,2017
0,Captain MunnerlynC. Munnerlyn,0,28,0,2,18.12,carolina-panthers,87,2017
1,Devin ThomasD. Thomas,0,64,0,3,43.50,carolina-panthers,63,2017
2,Tyrell SuttonT. Sutton,0,26,0,2,21.00,carolina-panthers,30,2017
3,Eric NorwoodE. Norwood,0,18,0,1,15.00,carolina-panthers,17,2017
4,Jeff KingJ. King,0,17,0,1,17.00,carolina-panthers,11,2017
5,Carolina,0,11,0,74,11.00,carolina-panthers,"1,619",2017
6,Opponents,0,64,0,45,21.88,carolina-panthers,"1,064",2017
7,Captain MunnerlynC. Munnerlyn,0,84,0,30,23.64,carolina-panthers,327,2017
8,Steve SmithS. Smith,0,37,6,6,10.90,carolina-panthers,46,2017
9,Jamar WilliamsJ. Williams,0,32,0,1,7.67,carolina-panthers,0,2017
0,0,25.65,590,23,101t,Kealoha PilaresK. Pilares,carolina-panthers,1,2017
1,0,22.73,250,11,31,Mike GoodsonM. Goodson,carolina-panthers,0,2017
2,0,25.50,51,2,28,Jordan PughJ. Pugh,carolina-panthers,0,2017
3,0,11.67,35,3,17,Armanti EdwardsA. Edwards,carolina-panthers,0,2017
4,1,0.00,0,0,0,Richie BrockelR. Brockel,carolina-panthers,0,2017
5,1,23.74,926,39,101t,Carolina,carolina-panthers,1,2017
6,0,27.03,811,30,78,Opponents,carolina-panthers,0,2017
0,0,21.67,260,12,35,Armanti EdwardsA. Edwards,carolina-panthers,0,2017
1,0,24.00,216,9,28,Kealoha PilaresK. Pilares,carolina-panthers,0,2017
2,0,23.11,208,9,31,Joe AdamsJ. Adams,carolina-panthers,0,2017
3,0,21.83,131,6,26,Armond SmithA. Smith,carolina-panthers,0,2017
4,0,26.00,26,1,26,Mike TolbertM. Tolbert,carolina-panthers,0,2017
5,0,17.00,17,1,17,Captain MunnerlynC. Munnerlyn,carolina-panthers,0,2017
6,0,9.00,9,1,9,Sione FuaS. Fua,carolina-panthers,0,2017
7,0,22.23,867,39,35,Carolina,carolina-panthers,0,2017
8,0,18.95,739,39,45,Opponents,carolina-panthers,0,2017
0,0,23.80,595,25,38,Ted Ginn Jr.T. Ginn,carolina-panthers,0,2017
1,0,8.50,17,2,17,Kenjon BarnerK. Barner,carolina-panthers,0,2017
2,0,0.00,0,1,0,Chase BlackburnC. Blackburn,carolina-panthers,0,2017
3,0,21.86,612,28,38,Carolina,carolina-panthers,0,2017
4,0,22.61,407,18,34,Opponents,carolina-panthers,0,2017
0,0,22.75,273,12,35,Philly BrownP. Brown,carolina-panthers,0,2017
1,0,23.82,262,11,46,Fozzy WhittakerF. Whittaker,carolina-panthers,0,2017
2,0,23.86,167,7,49,Brenton BersinB. Bersin,carolina-panthers,0,2017
3,0,26.50,53,2,27,Joe WebbJ. Webb,carolina-panthers,0,2017
4,0,12.00,36,3,19,Brandon WilliamsB. Williams,carolina-panthers,0,2017
5,0,12.00,12,1,12,Brian FolkertsB. Folkerts,carolina-panthers,0,2017
6,0,2.00,2,1,2,Mike TolbertM. Tolbert,carolina-panthers,0,2017
7,0,21.76,805,37,49,Carolina,carolina-panthers,0,2017
8,0,32.44,584,18,97,Opponents,carolina-panthers,0,2017
0,0,23.22,209,9,33,Fozzy WhittakerF. Whittaker,carolina-panthers,0,2017
1,0,22.25,178,8,27,Joe WebbJ. Webb,carolina-panthers,0,2017
2,0,8.00,8,1,8,Mike TolbertM. Tolbert,carolina-panthers,0,2017
3,0,8.00,8,1,8,Ted Ginn Jr.T. Ginn,carolina-panthers,0,2017
4,0,3.00,3,1,3,Thomas DavisT. Davis,carolina-panthers,0,2017
5,0,0.50,1,2,1,Ed DicksonE. Dickson,carolina-panthers,0,2017
6,0,18.50,407,22,33,Carolina,carolina-panthers,0,2017
7,0,26.62,905,34,99t,Opponents,carolina-panthers,1,2017
0,0,21.72,391,18,59,Ted Ginn Jr.T. Ginn,carolina-panthers,0,2017
1,0,22.92,275,12,47,Fozzy WhittakerF. Whittaker,carolina-panthers,0,2017
2,0,21.83,131,6,37,Joe WebbJ. Webb,carolina-panthers,0,2017
3,0,31.00,31,1,31,Damiere ByrdD. Byrd,carolina-panthers,0,2017
4,0,22.38,828,37,59,Carolina,carolina-panthers,0,2017
5,0,18.13,417,23,46,Opponents,carolina-panthers,0,2017
0,0,32.71,229,7,103t,Damiere ByrdD. Byrd,carolina-panthers,1,2017
1,0,22.10,221,10,33,Curtis SamuelC. Samuel,carolina-panthers,0,2017
2,0,18.33,110,6,31,Fozzy WhittakerF. Whittaker,carolina-panthers,0,2017
3,0,21.67,65,3,33,Russell ShepardR. Shepard,carolina-panthers,0,2017
4,0,19.33,58,3,21,Christian McCaffreyC. McCaffrey,carolina-panthers,0,2017
5,0,17.33,52,3,19,Kaelin ClayK. Clay,carolina-panthers,0,2017
6,0,13.00,13,1,13,Bryan CoxB. Cox,carolina-panthers,0,2017
7,0,12.00,12,1,12,David MayoD. Mayo,carolina-panthers,0,2017
8,0,22.35,760,34,103t,Carolina,carolina-panthers,1,2017
9,0,21.17,254,12,32,Opponents,carolina-panthers,0,2017
0,0,68,0,23.76,Opponents,"1,473",new-orleans-saints,71,2017
1,2,93t,0,24.55,Chad MortonC. Morton,"1,743",new-orleans-saints,30,2017
2,0,51,14,9.27,Chris CantyC. Canty,278,new-orleans-saints,9,2017
3,0,13,2,5.00,Robert WilsonR. Wilson,45,new-orleans-saints,0,2017
4,0,11,0,0.00,Kevin MathisK. Mathis,11,new-orleans-saints,1,2017
5,0,5,1,5.00,New Orleans,5,new-orleans-saints,40,2017
0,0,5.50,11,2,11,Tom AckermanT. Ackerman,new-orleans-saints,0,2017
1,0,23.30,"2,027",87,68,New Orleans,new-orleans-saints,0,2017
2,0,22.30,"1,472",66,86,Opponents,new-orleans-saints,0,2017
3,9,9.63,183,19,42,Wane McGarityW. McGarity,new-orleans-saints,0,2017
4,0,5.79,81,14,32,Michael LewisM. Lewis,new-orleans-saints,0,2017
5,4,6.00,24,4,10,Deuce McAllisterD. McAllister,new-orleans-saints,0,2017
6,13,7.78,288,37,42,New Orleans,new-orleans-saints,0,2017
0,10,2,Charles GrantC. Grant,0,5.00,14,new-orleans-saints,0,2017
1,8,1,William WhiteheadW. Whitehead,0,8.00,10,new-orleans-saints,0,2017
2,5,1,Jay BellamyJ. Bellamy,0,5.00,8,new-orleans-saints,0,2017
3,"1,956",79,New Orleans,0,24.76,5,new-orleans-saints,0,2017
4,"1,817",85,Opponents,2,21.38,97t,new-orleans-saints,0,2017
5,625,44,Michael LewisM. Lewis,0,14.20,70,new-orleans-saints,6,2017
6,0,1,Keyuo CraverK. Craver,1,0.00,83t,new-orleans-saints,0,2017
7,625,45,New Orleans,0,13.89,0,new-orleans-saints,6,2017
8,209,38,Opponents,1,5.50,83t,new-orleans-saints,14,2017
0,1,James AllenJ. Allen,0,6,8,0,new-orleans-saints,8.00,2017
1,2,Melvin WilliamsM. Williams,0,8,0,0,new-orleans-saints,0.00,2017
2,72,New Orleans,0,0,"1,524",0,new-orleans-saints,21.17,2017
3,67,Opponents,0,53,"1,587",0,new-orleans-saints,23.69,2017
4,30,Michael LewisM. Lewis,2,100t,275,0,new-orleans-saints,9.17,2017
5,5,Donte' StallworthD. Stallworth,0,27,44,10,new-orleans-saints,8.80,2017
6,2,Keyuo CraverK. Craver,0,18,22,1,new-orleans-saints,11.00,2017
7,2,Victor GreenV. Green,0,19,15,1,new-orleans-saints,7.50,2017
8,1,Fred ThomasF. Thomas,0,9,4,0,new-orleans-saints,4.00,2017
0,0,17.00,17,1,17,Will SmithW. Smith,new-orleans-saints,0,2017
1,0,12.00,12,1,12,William WhiteheadW. Whitehead,new-orleans-saints,0,2017
2,0,9.00,9,1,9,Orlando RuffO. Ruff,new-orleans-saints,0,2017
3,0,22.64,"1,879",83,98t,New Orleans,new-orleans-saints,2,2017
4,0,23.11,"1,710",74,63,Opponents,new-orleans-saints,0,2017
5,11,11.24,382,34,53,Michael LewisM. Lewis,new-orleans-saints,0,2017
6,1,1.00,6,6,4,Donte' StallworthD. Stallworth,new-orleans-saints,0,2017
7,12,9.70,388,40,53,New Orleans,new-orleans-saints,0,2017
8,25,7.21,310,43,59t,Opponents,new-orleans-saints,1,2017
0,0,30,0,30.00,William WhiteheadW. Whitehead,30,new-orleans-saints,2,2017
1,0,12,0,6.00,Lamont HallL. Hall,12,new-orleans-saints,2,2017
2,0,5,0,4.50,New Orleans,9,new-orleans-saints,75,2017
3,0,46,0,20.21,Opponents,"1,516",new-orleans-saints,61,2017
4,0,82,0,23.02,Az-Zahir HakimA. Hakim,"1,404",new-orleans-saints,34,2017
5,0,42,4,7.65,Donte' StallworthD. Stallworth,260,new-orleans-saints,7,2017
6,0,27,1,7.43,Michael LewisM. Lewis,52,new-orleans-saints,4,2017
7,0,5,0,2.00,Fred ThomasF. Thomas,8,new-orleans-saints,1,2017
8,0,0,0,0.00,New Orleans,0,new-orleans-saints,46,2017
0,Antwan LakeA. Lake,0,10,0,1,10.00,new-orleans-saints,8,2017
1,New Orleans,0,8,0,60,8.00,new-orleans-saints,"1,377",2017
2,Opponents,0,51,0,72,22.95,new-orleans-saints,"1,598",2017
3,Reggie BushR. Bush,0,40,0,28,22.19,new-orleans-saints,216,2017
4,Michael LewisM. Lewis,1,65t,2,16,7.71,new-orleans-saints,111,2017
5,Lance MooreL. Moore,0,26,10,6,6.94,new-orleans-saints,45,2017
6,Jay BellamyJ. Bellamy,0,25,2,1,7.50,new-orleans-saints,0,2017
7,New Orleans,0,0,0,51,0.00,new-orleans-saints,372,2017
8,Opponents,1,65t,14,40,7.29,new-orleans-saints,279,2017
0,2,David PattenD. Patten,0,25,20,0,new-orleans-saints,10.00,2017
1,1,Antwan LakeA. Lake,0,10,10,0,new-orleans-saints,10.00,2017
2,1,Billy MillerB. Miller,0,10,8,0,new-orleans-saints,8.00,2017
3,1,Josh CooperJ. Cooper,0,8,8,0,new-orleans-saints,8.00,2017
4,71,New Orleans,0,8,"1,513",0,new-orleans-saints,21.31,2017
5,56,Opponents,0,64,"1,256",0,new-orleans-saints,22.43,2017
6,20,Lance MooreL. Moore,1,100t,185,0,new-orleans-saints,9.25,2017
7,3,Reggie BushR. Bush,0,48,12,15,new-orleans-saints,4.00,2017
8,0,Jason DavidJ. David,0,10,0,0,new-orleans-saints,0.00,2017
9,1,Jason CraftJ. Craft,0,0,0,1,new-orleans-saints,0.00,2017
10,24,New Orleans,0,0,197,0,new-orleans-saints,8.21,2017
0,Robert MeachemR. Meachem,0,10,0,1,5.00,new-orleans-saints,9,2017
1,Buck OrtegaB. Ortega,0,9,0,1,9.00,new-orleans-saints,8,2017
2,Mike KarneyM. Karney,0,8,0,0,8.00,new-orleans-saints,0,2017
3,Mark CampbellM. Campbell,0,0,1,1,0.00,new-orleans-saints,0,2017
4,New Orleans,0,0,0,62,0.00,new-orleans-saints,"1,496",2017
5,Opponents,0,88,1,76,24.13,new-orleans-saints,"1,827",2017
6,Reggie BushR. Bush,1,83t,0,20,24.04,new-orleans-saints,270,2017
7,Lance MooreL. Moore,3,71t,3,6,13.50,new-orleans-saints,40,2017
8,Skyler GreenS. Green,0,11,13,0,6.67,new-orleans-saints,0,2017
9,New Orleans,0,0,1,26,0.00,new-orleans-saints,310,2017
10,Opponents,3,71t,17,34,11.92,new-orleans-saints,363,2017
11,Steve WeatherfordS. Weatherford,0,42,7,26,10.68,new-orleans-saints,"1,094",2017
0,19,1,Pierre ThomasP. Thomas,0,19.00,28,new-orleans-saints,0,2017
1,15,3,Lynell HamiltonL. Hamilton,0,5.00,19,new-orleans-saints,0,2017
2,11,2,Jeff CharlestonJ. Charleston,0,5.50,15,new-orleans-saints,0,2017
3,1,1,Darnell DinkinsD. Dinkins,0,1.00,11,new-orleans-saints,0,2017
4,"1,393",57,New Orleans,0,24.44,1,new-orleans-saints,0,2017
5,"1,813",74,Opponents,1,24.50,97t,new-orleans-saints,0,2017
6,130,27,Reggie BushR. Bush,0,4.81,87,new-orleans-saints,9,2017
7,16,4,Devery HendersonD. Henderson,0,4.00,23,new-orleans-saints,5,2017
8,6,1,Darren SharperD. Sharper,0,6.00,11,new-orleans-saints,1,2017
0,45,4,Heath EvansH. Evans,0,11.25,27,new-orleans-saints,0,2017
1,32,1,Reggie BushR. Bush,0,32.00,13,new-orleans-saints,0,2017
2,23,1,Ladell BettsL. Betts,0,23.00,32,new-orleans-saints,0,2017
3,"1,181",52,New Orleans,0,22.71,23,new-orleans-saints,0,2017
4,"1,592",66,Opponents,0,24.12,39,new-orleans-saints,0,2017
5,112,11,Lance MooreL. Moore,0,10.18,69,new-orleans-saints,16,2017
6,92,14,Reggie BushR. Bush,0,6.57,72,new-orleans-saints,2,2017
7,6,2,Tracy PorterT. Porter,0,3.00,43,new-orleans-saints,0,2017
0,0,27.23,"1,089",40,92,Darren SprolesD. Sproles,new-orleans-saints,0,2017
1,0,15.00,15,1,15,Pierre ThomasP. Thomas,new-orleans-saints,0,2017
2,0,7.00,7,1,7,Jed CollinsJ. Collins,new-orleans-saints,0,2017
3,0,26.45,"1,111",42,92,New Orleans,new-orleans-saints,0,2017
4,0,25.75,927,36,108t,Opponents,new-orleans-saints,1,2017
0,0,26.54,690,26,75,Travaris CadetT. Cadet,new-orleans-saints,0,2017
1,0,26.83,483,18,48,Darren SprolesD. Sproles,new-orleans-saints,0,2017
2,0,18.20,91,5,38,Pierre ThomasP. Thomas,new-orleans-saints,0,2017
3,0,2.00,2,1,2,Junior GaletteJ. Galette,new-orleans-saints,0,2017
4,0,0.00,0,1,0,Jed CollinsJ. Collins,new-orleans-saints,0,2017
5,0,24.82,"1,266",51,75,New Orleans,new-orleans-saints,0,2017
6,0,24.98,"1,049",42,97t,Opponents,new-orleans-saints,1,2017
0,0,21.25,255,12,32,Darren SprolesD. Sproles,new-orleans-saints,0,2017
1,0,26.56,239,9,82,Travaris CadetT. Cadet,new-orleans-saints,0,2017
2,0,12.00,12,1,12,Pierre ThomasP. Thomas,new-orleans-saints,0,2017
3,0,23.00,506,22,82,New Orleans,new-orleans-saints,0,2017
4,0,25.15,830,33,46,Opponents,new-orleans-saints,0,2017
0,0,24.27,364,15,34,Travaris CadetT. Cadet,new-orleans-saints,0,2017
1,0,46.33,139,3,99,Jalen SaundersJ. Saunders,new-orleans-saints,0,2017
2,0,28.00,28,1,28,Khiry RobinsonK. Robinson,new-orleans-saints,0,2017
3,0,12.00,12,1,12,Brandin CooksB. Cooks,new-orleans-saints,0,2017
4,0,0.00,0,1,0,Tim LelitoT. Lelito,new-orleans-saints,0,2017
5,0,25.86,543,21,99,New Orleans,new-orleans-saints,0,2017
6,0,26.38,"1,029",39,43,Opponents,new-orleans-saints,0,2017
0,0,25.00,300,12,35,Marcus MurphyM. Murphy,new-orleans-saints,0,2017
1,0,21.29,149,7,26,C.J. SpillerC. Spiller,new-orleans-saints,0,2017
2,0,31.33,94,3,38,Travaris CadetT. Cadet,new-orleans-saints,0,2017
3,0,16.50,33,2,19,Khiry RobinsonK. Robinson,new-orleans-saints,0,2017
4,0,9.50,19,2,16,Michael HoomanawanuiM. Hoomanawanui,new-orleans-saints,0,2017
5,0,10.00,10,1,10,Tyeler DavisonT. Davison,new-orleans-saints,0,2017
6,0,0.00,0,1,0,Josh HillJ. Hill,new-orleans-saints,0,2017
7,0,21.61,605,28,38,New Orleans,new-orleans-saints,0,2017
8,0,26.51,981,37,46,Opponents,new-orleans-saints,0,2017
0,0,19.00,152,8,26,Tommylee LewisT. Lewis,new-orleans-saints,0,2017
1,0,14.40,144,10,25,Travaris CadetT. Cadet,new-orleans-saints,0,2017
2,0,15.00,105,7,26,Marcus MurphyM. Murphy,new-orleans-saints,0,2017
3,0,20.33,61,3,31,Tim HightowerT. Hightower,new-orleans-saints,0,2017
4,0,16.50,462,28,31,New Orleans,new-orleans-saints,0,2017
5,0,22.45,898,40,61,Opponents,new-orleans-saints,0,2017
0,0,31.55,347,11,106t,Alvin KamaraA. Kamara,new-orleans-saints,1,2017
1,0,23.62,307,13,39,Tommylee LewisT. Lewis,new-orleans-saints,0,2017
2,0,21.67,65,3,27,Trey EdmundsT. Edmunds,new-orleans-saints,0,2017
3,0,11.20,56,5,17,Ted Ginn Jr.T. Ginn,new-orleans-saints,0,2017
4,0,11.50,23,2,12,Garrett GriffinG. Griffin,new-orleans-saints,0,2017
5,0,18.00,18,1,18,Willie SneadW. Snead,new-orleans-saints,0,2017
6,0,9.00,9,1,9,John KuhnJ. Kuhn,new-orleans-saints,0,2017
7,0,22.92,825,36,106t,New Orleans,new-orleans-saints,1,2017
8,0,24.62,788,32,46,Opponents,new-orleans-saints,0,2017
0,0,16,0,16.00,Jacquez GreenJ. Green,16,tampa-bay-buccaneers,1,2017
1,0,11,0,11.00,Tampa Bay,11,tampa-bay-buccaneers,55,2017
2,0,48,0,22.82,Opponents,"1,255",tampa-bay-buccaneers,74,2017
3,0,70,0,22.81,Karl WilliamsK. Williams,"1,688",tampa-bay-buccaneers,31,2017
4,1,73t,18,9.23,Andre HastingsA. Hastings,286,tampa-bay-buccaneers,5,2017
5,0,16,1,10.00,Jacquez GreenJ. Green,50,tampa-bay-buccaneers,2,2017
6,0,1,0,0.50,Todd YoderT. Yoder,1,tampa-bay-buccaneers,1,2017
7,0,0,0,0.00,Tampa Bay,0,tampa-bay-buccaneers,39,2017
0,0,22,0,17.50,Todd WashingtonT. Washington,35,tampa-bay-buccaneers,1,2017
1,0,22,0,22.00,Steve WhiteS. White,22,tampa-bay-buccaneers,1,2017
2,0,0,1,0.00,Tampa Bay,0,tampa-bay-buccaneers,54,2017
3,0,86,1,22.37,Opponents,"1,208",tampa-bay-buccaneers,63,2017
4,0,77,0,20.97,Karl WilliamsK. Williams,"1,321",tampa-bay-buccaneers,35,2017
5,1,84t,13,10.46,Dexter JacksonD. Jackson,366,tampa-bay-buccaneers,0,2017
6,0,18,0,0.00,Reidel AnthonyR. Anthony,18,tampa-bay-buccaneers,3,2017
7,0,7,1,4.00,Tampa Bay,12,tampa-bay-buccaneers,38,2017
8,1,84t,14,10.42,Opponents,396,tampa-bay-buccaneers,44,2017
0,0,67,0,24.11,Opponents,"1,085",tampa-bay-buccaneers,72,2017
1,0,91,0,21.76,Karl WilliamsK. Williams,"1,567",tampa-bay-buccaneers,43,2017
2,1,56t,20,9.53,Dexter JacksonD. Jackson,410,tampa-bay-buccaneers,1,2017
3,0,21,0,20.00,Tampa Bay,20,tampa-bay-buccaneers,44,2017
4,1,56t,20,9.77,Opponents,430,tampa-bay-buccaneers,42,2017
5,0,56,5,10.31,Tom TupaT. Tupa,433,tampa-bay-buccaneers,90,2017
0,55,Tampa Bay,0,0,"1,042",1,tampa-bay-buccaneers,18.95,2017
1,59,Opponents,0,44,"1,393",1,tampa-bay-buccaneers,23.61,2017
2,15,Karl WilliamsK. Williams,0,90,110,0,tampa-bay-buccaneers,7.33,2017
3,8,Tim WansleyT. Wansley,0,19,74,10,tampa-bay-buccaneers,9.25,2017
4,12,Reggie BarlowR. Barlow,0,12,58,2,tampa-bay-buccaneers,4.83,2017
5,35,Tampa Bay,0,17,242,6,tampa-bay-buccaneers,6.91,2017
6,39,Opponents,0,19,489,18,tampa-bay-buccaneers,12.54,2017
7,83,Tom TupaT. Tupa,0,52,"3,590",12,tampa-bay-buccaneers,43.3,2017
8,35.9,0,26,6,39,60,tampa-bay-buccaneers,489,2017
0,1,Dewayne WhiteD. White,0,20,9,0,tampa-bay-buccaneers,9.00,2017
1,60,Tampa Bay,0,9,"1,450",0,tampa-bay-buccaneers,24.17,2017
2,58,Opponents,0,59,"1,315",0,tampa-bay-buccaneers,22.67,2017
3,20,Joey GallowayJ. Galloway,1,98t,142,0,tampa-bay-buccaneers,7.10,2017
4,6,Tim BrownT. Brown,1,59t,48,8,tampa-bay-buccaneers,8.00,2017
5,6,Bill SchroederB. Schroeder,0,14,21,12,tampa-bay-buccaneers,3.50,2017
6,1,Michael ClaytonM. Clayton,0,12,2,1,tampa-bay-buccaneers,2.00,2017
7,33,Tampa Bay,0,2,213,1,tampa-bay-buccaneers,6.45,2017
8,31,Opponents,1,59t,279,22,tampa-bay-buccaneers,9.00,2017
9,82,Josh BidwellJ. Bidwell,0,53,"3,472",24,tampa-bay-buccaneers,42.3,2017
0,0,18.50,74,4,22,Earnest GrahamE. Graham,tampa-bay-buccaneers,0,2017
1,0,12.00,12,1,12,Alex SmithA. Smith,tampa-bay-buccaneers,0,2017
2,0,2.00,2,1,2,Jon BradleyJ. Bradley,tampa-bay-buccaneers,0,2017
3,0,2.00,2,1,2,Mike AlstottM. Alstott,tampa-bay-buccaneers,0,2017
4,0,19.46,"1,148",59,37,Tampa Bay,tampa-bay-buccaneers,0,2017
5,0,21.71,"1,368",63,94t,Opponents,tampa-bay-buccaneers,1,2017
6,18,9.65,492,51,31,Mark JonesM. Jones,tampa-bay-buccaneers,0,2017
7,18,9.65,492,51,31,Tampa Bay,tampa-bay-buccaneers,0,2017
8,16,9.51,466,49,44,Opponents,tampa-bay-buccaneers,0,2017
9,61,45.6,"4,101",90,13,Josh BidwellJ. Bidwell,tampa-bay-buccaneers,24,2017
0,1,Blue AdamsB. Adams,0,11,0,0,tampa-bay-buccaneers,0.00,2017
1,61,Tampa Bay,0,0,"1,307",0,tampa-bay-buccaneers,21.43,2017
2,46,Opponents,0,44,846,0,tampa-bay-buccaneers,18.39,2017
3,24,Ike HilliardI. Hilliard,0,34,163,0,tampa-bay-buccaneers,6.79,2017
4,20,Mark JonesM. Jones,0,16,155,3,tampa-bay-buccaneers,7.75,2017
5,6,Phillip BuchanonP. Buchanon,0,18,16,4,tampa-bay-buccaneers,2.67,2017
6,0,Torrie CoxT. Cox,0,8,9,2,tampa-bay-buccaneers,0.00,2017
7,2,Ronde BarberR. Barber,0,9,7,0,tampa-bay-buccaneers,3.50,2017
0,17.50,35,2,Chad LucasC. Lucas,0,0,tampa-bay-buccaneers,18,2017
1,22.00,22,1,Maurice StovallM. Stovall,0,0,tampa-bay-buccaneers,22,2017
2,7.50,15,2,Phillip BuchanonP. Buchanon,0,0,tampa-bay-buccaneers,16,2017
3,5.50,11,2,Kenneth DarbyK. Darby,0,0,tampa-bay-buccaneers,14,2017
4,3.00,3,1,Ike HilliardI. Hilliard,0,0,tampa-bay-buccaneers,3,2017
5,23.31,"1,119",48,Tampa Bay,0,0,tampa-bay-buccaneers,90t,2017
6,19.53,"1,328",68,Opponents,0,1,tampa-bay-buccaneers,97t,2017
7,11.92,143,12,Mark JonesM. Jones,6,1,tampa-bay-buccaneers,35,2017
8,6.13,92,15,Ike HilliardI. Hilliard,4,0,tampa-bay-buccaneers,20,2017
9,3.44,55,16,Phillip BuchanonP. Buchanon,0,0,tampa-bay-buccaneers,24,2017
10,7.50,30,4,Micheal SpurlockM. Spurlock,3,0,tampa-bay-buccaneers,15,2017
11,4.67,14,3,Joey GallowayJ. Galloway,0,0,tampa-bay-buccaneers,10,2017
0,15,0,15.00,15,0,1,tampa-bay-buccaneers,John GilmoreJ. Gilmore,2017
1,12,0,12.00,12,0,1,tampa-bay-buccaneers,Tampa Bay,2017
2,97t,0,24.77,"1,486",1,60,tampa-bay-buccaneers,Opponents,2017
3,61,0,20.84,"1,542",0,74,tampa-bay-buccaneers,Clifton SmithC. Smith,2017
4,70t,4,14.09,324,1,23,tampa-bay-buccaneers,Dexter JacksonD. Jackson,2017
5,19,0,4.85,97,0,20,tampa-bay-buccaneers,Ike HilliardI. Hilliard,2017
6,11,7,6.33,19,0,3,tampa-bay-buccaneers,Aqib TalibA. Talib,2017
7,0,0,0.00,0,0,1,tampa-bay-buccaneers,Tampa Bay,2017
8,70t,11,9.36,440,1,47,tampa-bay-buccaneers,Opponents,2017
0,105,5,Yamon FigursY. Figurs,0,21.00,32,tampa-bay-buccaneers,0,2017
1,52,2,Kareem HugginsK. Huggins,0,26.00,27,tampa-bay-buccaneers,0,2017
2,38,2,Earnest GrahamE. Graham,0,19.00,30,tampa-bay-buccaneers,0,2017
3,20,1,Maurice StovallM. Stovall,0,20.00,21,tampa-bay-buccaneers,0,2017
4,11,1,Tim CrowderT. Crowder,0,11.00,20,tampa-bay-buccaneers,1,2017
5,8,1,Adam HaywardA. Hayward,0,8.00,11,tampa-bay-buccaneers,0,2017
6,0,0,Matt McCoyM. McCoy,0,0.00,8,tampa-bay-buccaneers,1,2017
7,"1,630",62,Tampa Bay,0,26.29,0,tampa-bay-buccaneers,2,2017
8,878,46,Opponents,1,19.09,97t,tampa-bay-buccaneers,0,2017
9,232,23,Clifton SmithC. Smith,0,10.09,37,tampa-bay-buccaneers,8,2017
10,119,12,Sammie StroughterS. Stroughter,0,9.92,21,tampa-bay-buccaneers,0,2017
11,90,3,Micheal SpurlockM. Spurlock,0,30.00,33,tampa-bay-buccaneers,0,2017
0,0,24.32,"1,386",57,89t,Tampa Bay,tampa-bay-buccaneers,1,2017
1,0,20.72,"1,554",75,102t,Opponents,tampa-bay-buccaneers,1,2017
2,16,6.89,193,28,23,Micheal SpurlockM. Spurlock,tampa-bay-buccaneers,0,2017
3,0,0.00,0,1,0,Sammie StroughterS. Stroughter,tampa-bay-buccaneers,0,2017
4,0,0.00,0,1,0,Elbert MackE. Mack,tampa-bay-buccaneers,0,2017
0,0,27.00,540,20,78,Sammie StroughterS. Stroughter,tampa-bay-buccaneers,0,2017
1,0,21.95,439,20,45,Preston ParkerP. Parker,tampa-bay-buccaneers,0,2017
2,0,16.50,33,2,21,Micheal SpurlockM. Spurlock,tampa-bay-buccaneers,0,2017
3,0,12.00,12,1,12,Dezmon BriscoeD. Briscoe,tampa-bay-buccaneers,0,2017
4,0,0.00,0,1,0,Zack PianaltoZ. Pianalto,tampa-bay-buccaneers,0,2017
5,0,0.00,0,1,0,Mossis MaduM. Madu,tampa-bay-buccaneers,0,2017
6,0,0.00,0,1,0,Tim CrowderT. Crowder,tampa-bay-buccaneers,0,2017
7,0,22.26,"1,024",46,78,Tampa Bay,tampa-bay-buccaneers,0,2017
8,0,22.80,570,25,100t,Opponents,tampa-bay-buccaneers,1,2017
0,0,23.54,306,13,55,Arrelious BennA. Benn,tampa-bay-buccaneers,0,2017
1,0,21.20,106,5,33,LeQuan LewisL. Lewis,tampa-bay-buccaneers,0,2017
2,0,21.50,86,4,25,Roscoe ParrishR. Parrish,tampa-bay-buccaneers,0,2017
3,0,18.33,55,3,23,Michael SmithM. Smith,tampa-bay-buccaneers,0,2017
4,0,23.50,47,2,25,Tiquan UnderwoodT. Underwood,tampa-bay-buccaneers,0,2017
5,0,12.50,25,2,18,D.J. WareD. Ware,tampa-bay-buccaneers,0,2017
6,0,3.00,3,1,3,Ahmad BlackA. Black,tampa-bay-buccaneers,0,2017
7,0,2.00,2,1,2,Vincent JacksonV. Jackson,tampa-bay-buccaneers,0,2017
8,0,20.32,630,31,55,Tampa Bay,tampa-bay-buccaneers,0,2017
9,0,25.19,680,27,44,Opponents,tampa-bay-buccaneers,0,2017
0,1,24.91,548,22,44,Eric PageE. Page,tampa-bay-buccaneers,0,2017
1,0,23.25,93,4,29,Jeff DempsJ. Demps,tampa-bay-buccaneers,0,2017
2,0,22.33,67,3,25,Skye DawsonS. Dawson,tampa-bay-buccaneers,0,2017
3,0,40.00,40,1,40,Doug MartinD. Martin,tampa-bay-buccaneers,0,2017
4,0,25.00,25,1,25,Kevin OgletreeK. Ogletree,tampa-bay-buccaneers,0,2017
5,0,17.00,17,1,17,Spencer LarsenS. Larsen,tampa-bay-buccaneers,0,2017
6,0,15.00,15,1,15,Bobby RaineyB. Rainey,tampa-bay-buccaneers,0,2017
7,0,6.00,6,1,6,Erik LorigE. Lorig,tampa-bay-buccaneers,0,2017
8,1,23.85,811,34,44,Tampa Bay,tampa-bay-buccaneers,0,2017
9,0,18.83,452,24,30,Opponents,tampa-bay-buccaneers,0,2017
0,0,23.11,416,18,28,Solomon PattonS. Patton,tampa-bay-buccaneers,0,2017
1,0,26.33,158,6,33,Bobby RaineyB. Rainey,tampa-bay-buccaneers,0,2017
2,0,20.00,120,6,28,Marcus ThigpenM. Thigpen,tampa-bay-buccaneers,0,2017
3,0,45.00,45,1,45,Chris OwusuC. Owusu,tampa-bay-buccaneers,0,2017
4,0,22.50,45,2,25,Trindon HollidayT. Holliday,tampa-bay-buccaneers,0,2017
5,0,18.00,18,1,18,Leonard JohnsonL. Johnson,tampa-bay-buccaneers,0,2017
6,0,9.00,9,1,9,Jorvorskie LaneJ. Lane,tampa-bay-buccaneers,0,2017
7,0,8.00,8,1,8,Orie LemonO. Lemon,tampa-bay-buccaneers,0,2017
8,0,22.75,819,36,45,Tampa Bay,tampa-bay-buccaneers,0,2017
9,0,23.46,868,37,58,Opponents,tampa-bay-buccaneers,0,2017
0,10.77,"4,072",378,16,254.5,Opponents,tampa-bay-buccaneers,60t,2017
1,Bobby RaineyB. Rainey,"1,780",534,208,19,31,tampa-bay-buccaneers,469,2017
2,Donteea DyeD. Dye,0,38,0,2,24.68,tampa-bay-buccaneers,37,2017
3,Tampa Bay,0,19,0,21,18.50,tampa-bay-buccaneers,506,2017
0,0,16.90,169,10,24,Ryan SmithR. Smith,tampa-bay-buccaneers,0,2017
1,0,12.00,72,6,26,Josh HuffJ. Huff,tampa-bay-buccaneers,0,2017
2,0,11.75,47,4,17,Adam HumphriesA. Humphries,tampa-bay-buccaneers,0,2017
3,0,19.00,19,1,19,Cecil ShortsC. Shorts,tampa-bay-buccaneers,0,2017
4,0,14.62,307,21,26,Tampa Bay,tampa-bay-buccaneers,0,2017
5,0,23.32,583,25,44,Opponents,tampa-bay-buccaneers,0,2017
0,0,23.18,255,11,45,Jacquizz RodgersJ. Rodgers,tampa-bay-buccaneers,0,2017
1,0,20.71,145,7,50,Bernard ReedyB. Reedy,tampa-bay-buccaneers,0,2017
2,0,16.00,32,2,19,Charles SimsC. Sims,tampa-bay-buccaneers,0,2017
3,0,21.60,432,20,50,Tampa Bay,tampa-bay-buccaneers,0,2017
4,0,24.68,"1,160",47,106t,Opponents,tampa-bay-buccaneers,2,2017
0,0,17,0,17.00,Ronald McKinnonR. McKinnon,17,arizona-cardinals,1,2017
1,0,9,0,9.00,Arizona,9,arizona-cardinals,86,2017
2,1,98t,0,26.70,Opponents,"2,296",arizona-cardinals,46,2017
3,0,40,0,17.98,Mac CodyM. Cody,827,arizona-cardinals,31,2017
4,0,25,11,7.16,MarTay JenkinsM. Jenkins,222,arizona-cardinals,1,2017
5,0,1,0,1.00,Arizona,1,arizona-cardinals,32,2017
6,0,25,11,6.97,Opponents,223,arizona-cardinals,37,2017
7,2,64t,18,9.38,Scott PlayerS. Player,347,arizona-cardinals,65,2017
0,15,1,Tom BurkeT. Burke,0,15.00,24,arizona-cardinals,0,2017
1,11,1,Dennis McKinleyD. McKinley,0,11.00,15,arizona-cardinals,0,2017
2,9,1,Steve BushS. Bush,0,9.00,11,arizona-cardinals,0,2017
3,7,1,Joel MakovickaJ. Makovicka,0,7.00,9,arizona-cardinals,0,2017
4,"1,487",67,Arizona,0,22.19,7,arizona-cardinals,0,2017
5,967,53,Opponents,0,18.25,70,arizona-cardinals,0,2017
6,461,40,Arnold JacksonA. Jackson,1,11.53,94t,arizona-cardinals,0,2017
7,11,3,Kwamie LassiterK. Lassiter,0,3.67,55,arizona-cardinals,1,2017
8,472,43,Arizona,0,10.98,10,arizona-cardinals,1,2017
9,481,48,Opponents,0,10.02,55,arizona-cardinals,17,2017
0,Steve BushS. Bush,0,18,0,2,15.00,arizona-cardinals,24,2017
1,Michael YoungM. Young,0,13,0,2,12.00,arizona-cardinals,22,2017
2,Mike BanksM. Banks,0,12,0,1,11.00,arizona-cardinals,18,2017
3,Don MorganD. Morgan,0,18,0,1,18.00,arizona-cardinals,15,2017
4,Tom BurkeT. Burke,0,15,0,1,15.00,arizona-cardinals,15,2017
5,Arizona,0,15,0,81,15.00,arizona-cardinals,"1,797",2017
6,Opponents,1,95t,0,58,22.19,arizona-cardinals,"1,407",2017
7,Arnold JacksonA. Jackson,0,55,0,31,24.26,arizona-cardinals,182,2017
8,Kwamie LassiterK. Lassiter,0,22,4,4,5.87,arizona-cardinals,21,2017
9,Coby RhinehartC. Rhinehart,0,10,0,1,5.25,arizona-cardinals,18,2017
10,Arizona,0,18,0,36,18.00,arizona-cardinals,221,2017
11,Opponents,0,22,4,42,6.14,arizona-cardinals,547,2017
12,Scott PlayerS. Player,3,90t,18,88,13.02,arizona-cardinals,"3,864",2017
0,82,Arizona,0,13,"1,881",0,arizona-cardinals,22.94,2017
1,48,Opponents,1,100t,"1,042",0,arizona-cardinals,21.71,2017
2,20,Anquan BoldinA. Boldin,0,47,130,0,arizona-cardinals,6.50,2017
3,1,Jason GossJ. Goss,0,19,7,12,arizona-cardinals,7.00,2017
4,1,Bryant JohnsonB. Johnson,0,7,3,0,arizona-cardinals,3.00,2017
5,22,Arizona,0,3,140,3,arizona-cardinals,6.36,2017
6,41,Opponents,0,19,472,15,arizona-cardinals,11.51,2017
0,18.00,18,1,Karl WilliamsK. Williams,0,0,arizona-cardinals,18,2017
1,7.00,7,1,Kyle Vanden BoschK. Vanden Bosch,0,0,arizona-cardinals,7,2017
2,2.00,6,3,Gerald HayesG. Hayes,0,0,arizona-cardinals,6,2017
3,19.89,"1,293",65,Arizona,0,0,arizona-cardinals,71,2017
4,22.11,"1,017",46,Opponents,0,0,arizona-cardinals,87t,2017
5,6.81,286,42,Karl WilliamsK. Williams,12,1,arizona-cardinals,38,2017
6,6.14,43,7,Duane StarksD. Starks,1,0,arizona-cardinals,15,2017
7,0.00,0,0,Anquan BoldinA. Boldin,1,0,arizona-cardinals,0,2017
8,6.71,329,49,Arizona,14,0,arizona-cardinals,38,2017
9,8.68,486,56,Opponents,16,0,arizona-cardinals,71t,2017
0,7.00,7,1,Damien AndersonD. Anderson,0,0,arizona-cardinals,7,2017
1,4.00,4,1,Eric GreenE. Green,0,0,arizona-cardinals,4,2017
2,22.62,"1,719",76,Arizona,0,0,arizona-cardinals,90,2017
3,28.33,"1,700",60,Opponents,0,0,arizona-cardinals,95t,2017
4,7.95,334,42,Reggie SwintonR. Swinton,14,3,arizona-cardinals,32,2017
5,5.71,40,7,J.J. MosesJ. Moses,0,0,arizona-cardinals,12,2017
6,9.00,9,1,Bryant JohnsonB. Johnson,2,0,arizona-cardinals,9,2017
7,7.66,383,50,Arizona,16,0,arizona-cardinals,32,2017
8,8.41,328,39,Opponents,14,0,arizona-cardinals,52t,2017
0,1,99t,0,22.05,Opponents,"1,610",arizona-cardinals,58,2017
1,0,64,0,25.53,Troy WaltersT. Walters,"1,481",arizona-cardinals,24,2017
2,0,37,12,10.42,Bryant JohnsonB. Johnson,250,arizona-cardinals,1,2017
3,0,0,1,0.00,Arizona,0,arizona-cardinals,25,2017
4,0,37,13,10.00,Opponents,250,arizona-cardinals,44,2017
5,1,83t,6,12.77,Scott PlayerS. Player,562,arizona-cardinals,66,2017
0,0,80,0,23.15,Steve BreastonS. Breaston,"1,389",arizona-cardinals,42,2017
1,1,73t,6,9.40,Arizona,395,arizona-cardinals,42,2017
2,1,73t,6,9.40,Opponents,395,arizona-cardinals,38,2017
3,1,75t,15,13.05,Mike BarrM. Barr,496,arizona-cardinals,59,2017
4,15,5,61,40.4,1,"2,385",arizona-cardinals,31.7,2017
0,93t,1,21.73,"1,630",1,75,arizona-cardinals,Opponents,2017
1,104t,0,24.99,"1,724",1,69,arizona-cardinals,Steve BreastonS. Breaston,2017
2,25,10,7.18,237,0,33,arizona-cardinals,Arizona,2017
3,25,10,7.18,237,0,33,arizona-cardinals,Opponents,2017
4,82t,13,13.14,381,1,29,arizona-cardinals,Dirk JohnsonD. Johnson,2017
5,4,59,41.8,"1,670",13,40,arizona-cardinals,0,2017
6,Ben GrahamB. Graham,--,182,19,20,35.2,arizona-cardinals,839,2017
0,Opponents,1,99t,0,61,23.78,arizona-cardinals,"1,248",2017
1,Steve BreastonS. Breaston,0,63,0,38,20.46,arizona-cardinals,253,2017
2,Antrel RolleA. Rolle,0,64,11,6,6.66,arizona-cardinals,55,2017
3,Greg TolerG. Toler,0,27,2,1,9.17,arizona-cardinals,0,2017
0,Stephen SpachS. Spach,0,27,0,2,23.14,arizona-cardinals,26,2017
1,Stephen WilliamsS. Williams,0,15,0,1,13.00,arizona-cardinals,14,2017
2,Jason WrightJ. Wright,0,14,0,2,14.00,arizona-cardinals,8,2017
3,Cyril ObiozorC. Obiozor,0,8,0,1,4.00,arizona-cardinals,0,2017
4,Arizona,0,0,0,84,0.00,arizona-cardinals,"2,084",2017
5,Opponents,2,102t,0,51,24.81,arizona-cardinals,"1,234",2017
6,Andre RobertsA. Roberts,0,51,0,35,24.20,arizona-cardinals,263,2017
7,Max KomarM. Komar,0,25,8,5,7.51,arizona-cardinals,31,2017
8,Matt WareM. Ware,0,9,0,1,6.20,arizona-cardinals,0,2017
0,11.76,"4,000",340,16,250.0,Opponents,arizona-cardinals,95t,2017
1,LaRod Stephens-HowlingL. Stephens-Howling,"1,567",572,174,36,17,arizona-cardinals,857,2017
2,Anthony OrangeA. Orange,0,37,0,14,23.81,arizona-cardinals,356,2017
3,Andre RobertsA. Roberts,0,51,0,2,25.43,arizona-cardinals,33,2017
4,Arizona,0,21,0,52,16.50,arizona-cardinals,"1,246",2017
0,12.74,"3,441",270,16,215.1,Opponents,arizona-cardinals,80t,2017
1,William PowellW. Powell,"1,491",487,160,21,20,arizona-cardinals,507,2017
2,LaRod Stephens-HowlingL. Stephens-Howling,0,65,0,18,24.14,arizona-cardinals,405,2017
3,Early DoucetE. Doucet,0,38,0,1,22.50,arizona-cardinals,18,2017
4,Arizona,0,18,0,40,18.00,arizona-cardinals,930,2017
0,0,21.43,493,23,46,Javier ArenasJ. Arenas,arizona-cardinals,0,2017
1,0,21.00,21,1,21,Andre EllingtonA. Ellington,arizona-cardinals,0,2017
2,0,18.00,18,1,18,Patrick PetersonP. Peterson,arizona-cardinals,0,2017
3,0,4.00,8,2,13,Tyrann MathieuT. Mathieu,arizona-cardinals,0,2017
4,0,20.00,540,27,46,Arizona,arizona-cardinals,0,2017
5,0,24.04,"1,298",54,59,Opponents,arizona-cardinals,0,2017
0,0,18.95,417,22,43,Ted Ginn Jr.T. Ginn,arizona-cardinals,0,2017
1,0,18.95,417,22,43,Arizona,arizona-cardinals,0,2017
2,0,26.14,967,37,39,Opponents,arizona-cardinals,0,2017
0,0,27.18,598,22,108t,David JohnsonD. Johnson,arizona-cardinals,1,2017
1,0,15.75,126,8,24,Kerwynn WilliamsK. Williams,arizona-cardinals,0,2017
2,2,23.00,46,2,24,Patrick PetersonP. Peterson,arizona-cardinals,0,2017
3,2,24.06,770,32,108t,Arizona,arizona-cardinals,1,2017
4,0,24.31,"1,191",49,58,Opponents,arizona-cardinals,0,2017
0,0,24.18,266,11,49,Brittan GoldenB. Golden,arizona-cardinals,0,2017
1,0,16.30,163,10,25,Andre EllingtonA. Ellington,arizona-cardinals,0,2017
2,0,26.50,53,2,39,J.J. NelsonJ. Nelson,arizona-cardinals,0,2017
3,0,51.00,51,1,51,John BrownJ. Brown,arizona-cardinals,0,2017
4,1,11.00,11,1,11,Patrick PetersonP. Peterson,arizona-cardinals,0,2017
5,1,21.76,544,25,51,Arizona,arizona-cardinals,0,2017
6,0,23.14,671,29,104t,Opponents,arizona-cardinals,1,2017
0,0,20.38,326,16,28,Kerwynn WilliamsK. Williams,arizona-cardinals,0,2017
1,0,23.00,184,8,55,D.J. FosterD. Foster,arizona-cardinals,0,2017
2,0,20.25,81,4,26,Brittan GoldenB. Golden,arizona-cardinals,0,2017
3,0,1.00,1,1,1,Troy NiklasT. Niklas,arizona-cardinals,0,2017
4,0,20.41,592,29,55,Arizona,arizona-cardinals,0,2017
5,0,22.00,880,40,99t,Opponents,arizona-cardinals,1,2017
0,0,27.23,599,22,61,Benny CunninghamB. Cunningham,los-angeles-rams,0,2017
1,0,23.07,323,14,51,Pharoh CooperP. Cooper,los-angeles-rams,0,2017
2,0,20.00,180,9,41,Mike ThomasM. Thomas,los-angeles-rams,0,2017
3,0,0.00,15,0,15,Cody DavisC. Davis,los-angeles-rams,0,2017
4,0,5.00,5,1,5,Tavon AustinT. Austin,los-angeles-rams,0,2017
5,0,0.00,0,1,0,Chase ReynoldsC. Reynolds,los-angeles-rams,0,2017
6,0,23.87,"1,122",47,61,Los Angeles,los-angeles-rams,0,2017
7,0,19.55,430,22,27,Opponents,los-angeles-rams,0,2017
0,0,27.41,932,34,103t,Pharoh CooperP. Cooper,los-angeles-rams,1,2017
1,0,13.67,41,3,14,Derek CarrierD. Carrier,los-angeles-rams,0,2017
2,0,15.00,15,1,15,Mike ThomasM. Thomas,los-angeles-rams,0,2017
3,0,13.00,13,1,13,Tavon AustinT. Austin,los-angeles-rams,0,2017
4,0,0.00,0,1,0,Matt LongacreM. Longacre,los-angeles-rams,0,2017
5,0,25.02,"1,001",40,103t,LA Rams,los-angeles-rams,1,2017
6,0,22.61,520,23,57,Opponents,los-angeles-rams,0,2017
0,Paul SmithP. Smith,0,26,0,9,18.67,san-francisco-49ers,167,2017
1,Chike OkeaforC. Okeafor,0,28,0,1,18.56,san-francisco-49ers,17,2017
2,John MilemJ. Milem,0,17,0,1,17.00,san-francisco-49ers,13,2017
3,Terry JacksonT. Jackson,0,13,0,1,13.00,san-francisco-49ers,9,2017
4,Ahmed PlummerA. Plummer,0,9,0,1,9.00,san-francisco-49ers,0,2017
5,San Francisco,0,0,0,68,0.00,san-francisco-49ers,"1,299",2017
6,Opponents,0,68,0,63,19.10,san-francisco-49ers,"1,358",2017
7,Kevin WilliamsK. Williams,0,57,0,26,21.56,san-francisco-49ers,220,2017
8,San Francisco,0,25,13,26,8.46,san-francisco-49ers,220,2017
9,Opponents,0,25,13,32,8.46,san-francisco-49ers,332,2017
10,Chad StanleyC. Stanley,0,47,20,69,10.38,san-francisco-49ers,"2,727",2017
0,San Francisco,0,19,0,61,16.00,san-francisco-49ers,"1,336",2017
1,Opponents,0,65,0,68,21.90,san-francisco-49ers,"1,408",2017
2,Vinny SutherlandV. Sutherland,0,46,0,21,20.71,san-francisco-49ers,147,2017
3,Cedrick WilsonC. Wilson,0,19,19,2,7.00,san-francisco-49ers,4,2017
4,San Francisco,0,3,0,23,2.00,san-francisco-49ers,151,2017
5,Opponents,0,19,19,34,6.57,san-francisco-49ers,290,2017
0,Terry JacksonT. Jackson,0,28,0,4,15.29,san-francisco-49ers,67,2017
1,Kyle KosierK. Kosier,0,23,0,1,16.75,san-francisco-49ers,10,2017
2,San Francisco,0,10,0,68,10.00,san-francisco-49ers,"1,386",2017
3,Opponents,0,50,0,73,20.38,san-francisco-49ers,"1,665",2017
4,Jimmy WilliamsJ. Williams,1,84t,0,20,22.81,san-francisco-49ers,336,2017
5,Cedrick WilsonC. Wilson,1,89t,8,8,16.80,san-francisco-49ers,59,2017
6,San Francisco,0,13,4,28,7.38,san-francisco-49ers,395,2017
7,Opponents,1,89t,12,37,14.11,san-francisco-49ers,359,2017
0,Sean MoranS. Moran,0,21,0,2,17.60,san-francisco-49ers,35,2017
1,Brandon LloydB. Lloyd,0,19,0,2,17.50,san-francisco-49ers,32,2017
2,Brock GutierrezB. Gutierrez,0,21,0,1,16.00,san-francisco-49ers,4,2017
3,San Francisco,0,4,0,64,4.00,san-francisco-49ers,"1,327",2017
4,Opponents,1,95t,0,77,20.73,san-francisco-49ers,"1,641",2017
5,Jimmy WilliamsJ. Williams,0,75,0,35,21.31,san-francisco-49ers,240,2017
6,Arland BruceA. Bruce,0,20,10,4,6.86,san-francisco-49ers,24,2017
7,Cedrick WilsonC. Wilson,0,18,2,1,6.00,san-francisco-49ers,12,2017
8,San Francisco,0,12,3,40,12.00,san-francisco-49ers,276,2017
0,11.00,22,2,Terry JacksonT. Jackson,0,0,san-francisco-49ers,14,2017
1,20.43,"1,716",84,San Francisco,0,0,san-francisco-49ers,40,2017
2,19.98,"1,119",56,Opponents,0,0,san-francisco-49ers,73,2017
3,8.58,266,31,Arnaz BattleA. Battle,20,0,san-francisco-49ers,71t,2017
4,10.50,21,2,Cedrick WilsonC. Wilson,1,1,san-francisco-49ers,13,2017
5,10.00,10,1,P.J. FleckP. Fleck,0,0,san-francisco-49ers,10,2017
6,6.00,6,1,Julian PetersonJ. Peterson,0,0,san-francisco-49ers,6,2017
7,8.66,303,35,San Francisco,21,0,san-francisco-49ers,71t,2017
0,20.00,960,48,Opponents,0,0,san-francisco-49ers,35,2017
1,11.36,125,11,Otis AmeyO. Amey,2,0,san-francisco-49ers,75t,2017
2,5.12,87,17,Rasheed MarshallR. Marshall,10,1,san-francisco-49ers,13,2017
3,7.57,212,28,San Francisco,12,0,san-francisco-49ers,75t,2017
4,7.60,471,62,Opponents,20,1,san-francisco-49ers,25,2017
5,41.6,"4,447",107,Andy LeeA. Lee,58,0,san-francisco-49ers,3,2017
0,0,1.00,1,1,1,Moran NorrisM. Norris,san-francisco-49ers,0,2017
1,0,24.14,"1,907",79,64,San Francisco,san-francisco-49ers,0,2017
2,0,21.12,"1,373",65,47,Opponents,san-francisco-49ers,0,2017
3,12,6.68,147,22,25,Brandon WilliamsB. Williams,san-francisco-49ers,0,2017
4,7,15.00,90,6,60,Arnaz BattleA. Battle,san-francisco-49ers,0,2017
5,19,8.46,237,28,60,San Francisco,san-francisco-49ers,0,2017
6,19,13.20,462,35,60t,Opponents,san-francisco-49ers,1,2017
0,0,23.32,"1,702",73,55,San Francisco,san-francisco-49ers,0,2017
1,0,21.82,982,45,98t,Opponents,san-francisco-49ers,1,2017
2,4,7.64,336,44,51,Michael LewisM. Lewis,san-francisco-49ers,0,2017
3,0,16.43,115,7,41,Nate ClementsN. Clements,san-francisco-49ers,0,2017
4,5,6.40,32,5,12,Brandon WilliamsB. Williams,san-francisco-49ers,0,2017
5,9,8.62,483,56,51,San Francisco,san-francisco-49ers,0,2017
0,13.50,27,2,Billy BajemaB. Bajema,0,0,san-francisco-49ers,14,2017
1,14.00,14,1,Sean RyanS. Ryan,0,0,san-francisco-49ers,14,2017
2,0.00,0,1,Takeo SpikesT. Spikes,0,0,san-francisco-49ers,0,2017
3,23.25,"1,767",76,San Francisco,0,0,san-francisco-49ers,104t,2017
4,23.31,"1,515",65,Opponents,0,1,san-francisco-49ers,63,2017
5,14.87,223,15,Allen RossumA. Rossum,7,0,san-francisco-49ers,45,2017
6,7.67,46,6,Nate ClementsN. Clements,0,0,san-francisco-49ers,16,2017
7,4.83,29,6,Arnaz BattleA. Battle,2,0,san-francisco-49ers,19,2017
8,0.00,0,2,Dominique ZeiglerD. Zeigler,3,0,san-francisco-49ers,0,2017
9,10.28,298,29,San Francisco,12,0,san-francisco-49ers,45,2017
0,40,0,21.71,152,0,7,san-francisco-49ers,Delanie WalkerD. Walker,2017
1,25,0,17.00,85,0,5,san-francisco-49ers,Arnaz BattleA. Battle,2017
2,26,0,22.67,68,0,3,san-francisco-49ers,Glen CoffeeG. Coffee,2017
3,16,0,14.00,42,0,3,san-francisco-49ers,Kentwan BalmerK. Balmer,2017
4,4,0,3.50,7,0,2,san-francisco-49ers,Moran NorrisM. Norris,2017
5,0,0,0.00,0,0,1,san-francisco-49ers,San Francisco,2017
6,76,1,21.83,"1,135",0,52,san-francisco-49ers,Opponents,2017
7,101t,0,21.77,"1,415",1,65,san-francisco-49ers,Allen RossumA. Rossum,2017
8,14,1,7.00,84,0,12,san-francisco-49ers,Arnaz BattleA. Battle,2017
9,18,10,2.90,61,0,21,san-francisco-49ers,Nate ClementsN. Clements,2017
0,20,0,14.00,70,0,5,san-francisco-49ers,Josh MorganJ. Morgan,2017
1,13,0,9.50,19,0,2,san-francisco-49ers,Tony WraggeT. Wragge,2017
2,12,0,12.00,12,0,1,san-francisco-49ers,Moran NorrisM. Norris,2017
3,12,0,12.00,12,0,1,san-francisco-49ers,Michael CrabtreeM. Crabtree,2017
4,0,0,0.00,0,0,1,san-francisco-49ers,San Francisco,2017
5,61,0,19.46,"1,187",0,61,san-francisco-49ers,Opponents,2017
6,92t,0,22.16,"1,485",1,67,san-francisco-49ers,Ted Ginn Jr.T. Ginn,2017
7,78t,18,13.38,321,1,24,san-francisco-49ers,Phillip AdamsP. Adams,2017
8,16,0,7.25,29,0,4,san-francisco-49ers,Kyle WilliamsK. Williams,2017
0,0,27.59,800,29,102t,Ted Ginn Jr.T. Ginn,san-francisco-49ers,1,2017
1,0,26.00,156,6,43,Kendall HunterK. Hunter,san-francisco-49ers,0,2017
2,0,26.00,104,4,33,Kyle WilliamsK. Williams,san-francisco-49ers,0,2017
3,0,27.18,"1,060",39,102t,San Francisco,san-francisco-49ers,1,2017
4,0,23.07,"1,061",46,39,Opponents,san-francisco-49ers,0,2017
0,0,29.79,417,14,62,LaMichael JamesL. James,san-francisco-49ers,0,2017
1,0,27.15,353,13,94,Kyle WilliamsK. Williams,san-francisco-49ers,0,2017
2,0,23.00,253,11,31,Ted Ginn Jr.T. Ginn,san-francisco-49ers,0,2017
3,0,23.57,165,7,31,Kendall HunterK. Hunter,san-francisco-49ers,0,2017
4,0,7.00,28,4,18,Delanie WalkerD. Walker,san-francisco-49ers,0,2017
5,0,24.82,"1,216",49,94,San Francisco,san-francisco-49ers,0,2017
6,0,26.85,"1,289",48,66,Opponents,san-francisco-49ers,0,2017
0,0,26.75,321,12,41,LaMichael JamesL. James,san-francisco-49ers,0,2017
1,0,19.14,134,7,35,Kyle WilliamsK. Williams,san-francisco-49ers,0,2017
2,0,20.20,101,5,47,Anthony DixonA. Dixon,san-francisco-49ers,0,2017
3,0,27.33,82,3,30,Perrish CoxP. Cox,san-francisco-49ers,0,2017
4,0,20.25,81,4,30,Kendall HunterK. Hunter,san-francisco-49ers,0,2017
5,0,7.00,7,1,7,Quinton PattonQ. Patton,san-francisco-49ers,0,2017
6,0,22.69,726,32,47,San Francisco,san-francisco-49ers,0,2017
7,0,20.44,"1,104",54,82,Opponents,san-francisco-49ers,0,2017
0,0,25.58,614,24,38,Bruce EllingtonB. Ellington,san-francisco-49ers,0,2017
1,0,24.36,268,11,30,Carlos HydeC. Hyde,san-francisco-49ers,0,2017
2,0,27.67,83,3,32,Trindon HollidayT. Holliday,san-francisco-49ers,0,2017
3,0,30.00,60,2,57,Perrish CoxP. Cox,san-francisco-49ers,0,2017
4,0,24.00,24,1,24,Quinton PattonQ. Patton,san-francisco-49ers,0,2017
5,0,19.00,19,1,19,Bruce MillerB. Miller,san-francisco-49ers,0,2017
6,0,18.00,18,1,18,Tony Jerod-EddieT. Jerod-Eddie,san-francisco-49ers,0,2017
7,0,10.00,10,1,10,Aaron LynchA. Lynch,san-francisco-49ers,0,2017
8,0,8.00,8,1,8,Chase ThomasC. Thomas,san-francisco-49ers,0,2017
9,0,24.53,"1,104",45,57,San Francisco,san-francisco-49ers,0,2017
10,0,22.68,907,40,38,Opponents,san-francisco-49ers,0,2017
0,0,25.58,665,26,40,Bruce EllingtonB. Ellington,san-francisco-49ers,0,2017
1,0,22.43,157,7,35,Quinton PattonQ. Patton,san-francisco-49ers,0,2017
2,0,23.67,142,6,30,DeAndrew WhiteD. White,san-francisco-49ers,0,2017
3,0,15.00,15,1,15,Pierre ThomasP. Thomas,san-francisco-49ers,0,2017
4,0,11.00,11,1,11,Tony Jerod-EddieT. Jerod-Eddie,san-francisco-49ers,0,2017
5,0,3.00,3,1,3,Bruce MillerB. Miller,san-francisco-49ers,0,2017
6,0,23.64,993,42,40,San Francisco,san-francisco-49ers,0,2017
7,0,25.70,591,23,74,Opponents,san-francisco-49ers,0,2017
0,0,21.71,456,21,41,JaCorey ShepherdJ. Shepherd,san-francisco-49ers,0,2017
1,0,21.50,129,6,26,Chris DavisC. Davis,san-francisco-49ers,0,2017
2,0,18.50,37,2,20,Keshawn MartinK. Martin,san-francisco-49ers,0,2017
3,0,17.50,35,2,26,Raheem MostertR. Mostert,san-francisco-49ers,0,2017
4,0,16.00,32,2,20,Jeremy KerleyJ. Kerley,san-francisco-49ers,0,2017
5,0,18.00,18,1,18,DuJuan HarrisD. Harris,san-francisco-49ers,0,2017
6,0,9.00,18,2,12,Mike DavisM. Davis,san-francisco-49ers,0,2017
7,0,13.00,13,1,13,Torrey SmithT. Smith,san-francisco-49ers,0,2017
8,0,11.00,11,1,11,Quinton PattonQ. Patton,san-francisco-49ers,0,2017
9,0,19.71,749,38,41,San Francisco,san-francisco-49ers,0,2017
10,0,19.75,869,44,78,Opponents,san-francisco-49ers,0,2017
0,0,20.84,396,19,34,Victor BoldenV. Bolden,san-francisco-49ers,0,2017
1,0,16.60,83,5,21,Raheem MostertR. Mostert,san-francisco-49ers,0,2017
2,0,16.60,83,5,28,Matt BreidaM. Breida,san-francisco-49ers,0,2017
3,0,8.00,8,1,8,Trent TaylorT. Taylor,san-francisco-49ers,0,2017
4,0,0.00,0,1,0,Ronald BlairR. Blair,san-francisco-49ers,0,2017
5,0,18.39,570,31,34,San Francisco,san-francisco-49ers,0,2017
6,0,20.13,302,15,28,Opponents,san-francisco-49ers,0,2017
